trade_id,factor_id,level
7,909,1
16,909,2
24,909,2
36,909,1
50,909,1
83,909,1
85,909,1
86,909,3
113,909,51
114,909,26
115,909,1
116,909,1
123,909,1
129,909,7
133,909,2
134,909,1
135,909,22
137,909,1
138,909,1
139,909,4
140,909,1
147,909,1
151,909,104
157,909,3
159,909,18
172,909,9
179,909,123
186,909,62
189,909,1
198,909,1
202,909,9
203,909,1
208,909,1
209,909,1
211,909,3
217,909,2
219,909,11
220,909,9
221,909,2
229,909,1
235,909,9
242,909,2
258,909,1
262,909,1
263,909,187
269,909,1
272,909,4
274,909,2
277,909,2
281,909,3
282,909,1
283,909,83
284,909,1
286,909,3
288,909,15
289,909,3
294,909,1
296,909,2
297,909,1
298,909,1
300,909,248
309,909,27
311,909,1
322,909,22
325,909,1
329,909,146
335,909,193
336,909,1
338,909,2
348,909,1
352,909,7
353,909,2
357,909,4
358,909,1
360,909,10
367,909,18
368,909,1
369,909,18
370,909,20
371,909,5
373,909,1
376,909,1
379,909,4
381,909,1
383,909,1
385,909,34
392,909,10
394,909,2
395,909,1
401,909,8
407,909,3
411,909,5
415,909,1
421,909,13
428,909,2
429,909,23
433,909,53
435,909,45
440,909,1
459,909,4
460,909,13
461,909,3
465,909,31
468,909,5
476,909,2
480,909,1
495,909,1
506,909,2
571,909,1
574,909,10
575,909,1
578,909,1
585,909,1
590,909,3
591,909,1
600,909,84
602,909,1
605,909,1
609,909,1
610,909,11
611,909,3
616,909,2
618,909,2
629,909,1
630,909,11
633,909,1
634,909,2
635,909,1
637,909,3
638,909,2
645,909,4
647,909,1
648,909,1
650,909,2
651,909,4
654,909,4
661,909,3
668,909,5
678,909,3
680,909,4
687,909,4
689,909,5
693,909,1
695,909,15
696,909,1
698,909,1
700,909,34
703,909,4
704,909,13
705,909,3
706,909,1
707,909,2
708,909,1
709,909,1
712,909,4
717,909,1
718,909,1
724,909,1
728,909,2
733,909,2
736,909,1
737,909,1
740,909,2
746,909,1
748,909,129
751,909,1
756,909,432
757,909,22
758,909,4
759,909,1
761,909,1
763,909,3
764,909,1
765,909,1
767,909,1
769,909,1
772,909,3
774,909,1
775,909,1
777,909,3
778,909,2
780,909,1
786,909,1
790,909,1
792,909,2
793,909,1
797,909,2
798,909,1
799,909,13
803,909,3
808,909,43
809,909,3
810,909,1
816,909,1
824,909,1
825,909,7
831,909,1
838,909,2
860,909,1
861,909,1
862,909,1
868,909,1
872,909,4
874,909,3
875,909,2
889,909,1
893,909,1
894,909,1
896,909,2
897,909,3
911,909,8
914,909,1
915,909,1
916,909,1
921,909,11
923,909,1
925,909,1
926,909,5
929,909,1
930,909,1
931,909,11
935,909,2
938,909,10
944,909,2
945,909,1
951,909,2
952,909,1
957,909,1
958,909,62
960,909,1
962,909,1
963,909,1
965,909,1
971,909,2
977,909,1
978,909,3
984,909,1
987,909,1
988,909,1
989,909,1
995,909,1
997,909,24
1002,909,7
1003,909,4
1004,909,1
1007,909,1
1010,909,5
1012,909,12
1013,909,2
1023,909,5
1027,909,1
1029,909,2
1030,909,1
1032,909,2
1034,909,1
1036,909,2
1038,909,5
1039,909,1
1040,909,49
1041,909,12
1042,909,3
1043,909,15
1044,909,11
1045,909,4
1046,909,13
1047,909,22
1048,909,6
1049,909,140
1050,909,24
1051,909,7
1052,909,1
1053,909,12
1054,909,1
1055,909,60
1056,909,5
1057,909,1
1059,909,1
1060,909,1
1064,909,3
1065,909,16
1066,909,1
1067,909,5
1068,909,18
1069,909,10
1071,909,164
1072,909,27
1073,909,3
1074,909,48
1075,909,1
1076,909,3
1077,909,100
1078,909,8
1080,909,8
1081,909,9
1082,909,54
1084,909,2
1085,909,1
1086,909,18
1087,909,4
1088,909,1
1089,909,1
1090,909,5
1091,909,6
1092,909,1
1093,909,11
1094,909,2
1096,909,58
1097,909,28
1098,909,2
1099,909,28
1100,909,1
1102,909,1
1103,909,4
1104,909,9
1105,909,12
1106,909,1
1107,909,79
1108,909,3
1109,909,5
1110,909,3
1111,909,1
1112,909,14
1114,909,1
1115,909,6
1116,909,5
1117,909,2
1118,909,36
1120,909,1
1121,909,33
1122,909,37
1123,909,2
1124,909,2
1125,909,3
1126,909,4
1127,909,2
1129,909,2
1130,909,13
1131,909,21
1132,909,7
1133,909,19
1134,909,16
1136,909,1
1154,909,1
1163,909,4
1168,909,1
1172,909,15
1173,909,1
1177,909,1
1179,909,1
1190,909,9
1203,909,1
1208,909,2
1209,909,1
1212,909,2
1217,909,1
1223,909,1
1232,909,1
1233,909,1
1240,909,1
1242,909,1
1243,909,4
1246,909,1
1247,909,1
1250,909,1
1252,909,1
1254,909,5
1255,909,6
1256,909,2
1263,909,1
1266,909,1
1278,909,1
1286,909,1
1287,909,1
1294,909,5
1296,909,1
1299,909,1
1301,909,1
1302,909,2
1303,909,126
1308,909,3
1309,909,3
1310,909,8
1314,909,1
1316,909,2
1318,909,1
1320,909,1
1321,909,3
1324,909,1
1325,909,1
1327,909,1
1328,909,2
1334,909,4
1335,909,1
1336,909,1
1337,909,1
1338,909,3
1339,909,4
1342,909,2
1345,909,1
1346,909,1
1353,909,3
1355,909,3
1362,909,3
1364,909,2
1365,909,2
1368,909,15
1371,909,1
1373,909,73
1374,909,1
1375,909,2
1376,909,3
1377,909,4
1379,909,1
1380,909,1
1381,909,2
1384,909,3
1388,909,2
1392,909,1
1393,909,1
1395,909,1
1396,909,1
1399,909,1
1400,909,2
1407,909,40
1416,909,1
1421,909,5
1425,909,1
1426,909,1
1428,909,132
1429,909,1
1431,909,10
1432,909,2
1437,909,1
1439,909,3
1441,909,1
1442,909,1
1443,909,102
1451,909,1
1464,909,9
1470,909,57
1475,909,5
1489,909,8
1490,909,1
1495,909,5
1498,909,3
1504,909,1
1506,909,3
1507,909,14
1516,909,1
1519,909,1
1521,909,2
1526,909,4
1533,909,1
1542,909,43
1545,909,4
1548,909,1
1549,909,6
1551,909,16
1552,909,20
1567,909,2
1569,909,3
1570,909,9
1572,909,3
1579,909,1
1609,909,1
1654,909,1
1656,909,1
1667,909,1
1670,909,1
1672,909,1
1677,909,26
1678,909,1
1680,909,1
1681,909,1
1692,909,1
1699,909,2
1703,909,1
1709,909,1
1722,909,1
1726,909,1
1727,909,1
1729,909,1
1731,909,2
1734,909,1
1735,909,2
1737,909,1
1739,909,1
1747,909,1
1749,909,8
1756,909,1
1758,909,1
1759,909,1
1762,909,1
1765,909,2
1771,909,2
1773,909,1
1776,909,1
1779,909,2
1780,909,1
1781,909,2
1785,909,1
1786,909,44
1787,909,7
1790,909,2
1791,909,3
1798,909,1
1804,909,2
1806,909,1
1809,909,1
1813,909,6
1819,909,2
1826,909,2
1839,909,1
1841,909,2
1842,909,1
1843,909,1
1845,909,2
1846,909,2
1848,909,2
1849,909,1
1850,909,10
1853,909,3
1854,909,4
1855,909,7
1857,909,2
1858,909,1
1859,909,1
1866,909,1
1868,909,1
1870,909,13
1874,909,1
1878,909,2
1880,909,1
1885,909,1
1905,909,8
1926,909,1
1930,909,1
1936,909,1
1949,909,1
1954,909,1
1962,909,1
1964,909,1
1966,909,1
1975,909,2
2000,909,2
2059,909,1
2123,909,2
2177,909,1
2188,909,1
2191,909,11
2192,909,1
2200,909,5
2201,909,1
2202,909,2
2203,909,1
2204,909,1
2205,909,4
2206,909,1
2209,909,5
2210,909,1
2211,909,338
2214,909,2
2215,909,4
2216,909,8
2217,909,2
2218,909,6
2222,909,1
2224,909,2
2227,909,1
2229,909,159
2233,909,3
2234,909,8
2235,909,3
2237,909,3
2238,909,10
2239,909,1
2240,909,2
2241,909,1
2244,909,1
2245,909,1
2247,909,2
2248,909,3
2251,909,17
2254,909,14
2257,909,2
2262,909,105
2268,909,1
2269,909,112
2272,909,1
2275,909,1
2278,909,14
2279,909,1
2280,909,14
2286,909,2
2287,909,16
2289,909,6
2290,909,6
2291,909,1
2295,909,41
2298,909,3
2299,909,3
2300,909,9
2301,909,1
2303,909,1
2304,909,3
2305,909,15
2306,909,5
2307,909,30
2308,909,22
2309,909,4
2312,909,16
2314,909,1
2317,909,7
2318,909,2
2320,909,3
2322,909,1
2323,909,5
2324,909,19
2327,909,3
2328,909,6
2329,909,3
2330,909,2
2332,909,6
2333,909,9
2335,909,3
2340,909,1
2346,909,1
2355,909,1
2426,909,1
2428,909,3
2430,909,1
2466,909,1
2515,909,11
2521,909,2
2524,909,2
2530,909,2
2531,909,5
2534,909,78
2538,909,7
2540,909,9
2550,909,2
2551,909,1
2552,909,1
2553,909,3
2554,909,3
2563,909,9
2564,909,6
2565,909,3
2568,909,12
2571,909,8
2579,909,1
2582,909,1
2588,909,1
2603,909,1
2628,909,1
2642,909,2
2664,909,2
2684,909,1
2714,909,1
2719,909,4
2723,909,5
2725,909,1
2735,909,2
2740,909,11
2742,909,2
2745,909,2
2750,909,7
2755,909,5
2758,909,1
2762,909,2
2764,909,2
2765,909,3
2770,909,1
2772,909,1
2777,909,6
2816,909,3
2827,909,2
2833,909,6
2851,909,4
2853,909,21
2862,909,3
2867,909,1
2872,909,8
2873,909,21
2877,909,1
2879,909,6
2890,909,2
2891,909,22
2906,909,3
2908,909,1
2911,909,1
2921,909,4
2926,909,15
2927,909,1
2947,909,1
2948,909,5
2952,909,11
2955,909,6
2957,909,18
2958,909,6
2960,909,1
2961,909,3
2962,909,3
2964,909,1
2967,909,1
2973,909,4
2978,909,1
3025,909,1
3033,909,1
3037,909,1
3083,909,2
3085,909,1
3117,909,1
3165,909,65
3170,909,2
3176,909,2
3186,909,1
3189,909,6
3190,909,3
3192,909,1
3197,909,1
3198,909,1
3200,909,13
3201,909,1
3203,909,1
3207,909,2
3209,909,8
3213,909,4
3214,909,56
3215,909,2
3216,909,24
3220,909,1
3222,909,1
3224,909,1
3225,909,1
3227,909,4
3228,909,1
3229,909,1
3234,909,12
3237,909,1
3239,909,1
3241,909,2
3250,909,37
3258,909,10
3259,909,1
3262,909,1
3263,909,9
3264,909,1
3265,909,6
3266,909,1
3272,909,2
3287,909,9
3291,909,1
3293,909,1
3294,909,6
3296,909,8
3297,909,1
3303,909,1
3304,909,19
3306,909,10
3307,909,1
3308,909,4
3309,909,2
3313,909,1
3316,909,44
3318,909,1
3320,909,1
3321,909,1
3322,909,1
3324,909,1
3329,909,1
3332,909,4
3334,909,6
3343,909,1
3346,909,19
3348,909,2
3354,909,1
3358,909,2
3364,909,1
3365,909,9
3367,909,1
3368,909,1
3372,909,1
3374,909,1
3391,909,1
3409,909,1
3424,909,4
3441,909,2
3442,909,1
3447,909,1
3485,909,7
3497,909,1
3505,909,1
3511,909,1
3518,909,6
3522,909,1
3530,909,1
3553,909,5
3557,909,2
3561,909,8
3562,909,2
3563,909,22
3570,909,1
3580,909,8
3584,909,1
3585,909,3
3586,909,1
3588,909,1
3589,909,3
3590,909,1
3595,909,5
3597,909,1
3598,909,1
3601,909,6
3608,909,306
3615,909,71
3623,909,5
3624,909,1
3625,909,5
3632,909,5
3635,909,1
3639,909,1
3644,909,10
3647,909,7
3648,909,10
3649,909,1
3650,909,2
3651,909,8
3653,909,1
3655,909,5
3658,909,1
3660,909,1
3662,909,1
3666,909,8
3668,909,7
3669,909,2
3671,909,2
3672,909,2
3673,909,3
3681,909,1
3682,909,1
3713,909,2
3715,909,1
3716,909,3
3717,909,6
3718,909,7
3729,909,4
3774,909,1
3776,909,1
3781,909,2
3792,909,1
3810,909,21
3811,909,17
3813,909,503
3827,909,2
3831,909,1
3835,909,1
3836,909,3
3837,909,1
3838,909,1
3839,909,20
3842,909,1
3847,909,2
3852,909,1
3855,909,1
3874,909,1
3879,909,2
3900,909,2
3909,909,6
3916,909,1
3928,909,6
3932,909,2
3951,909,1
3969,909,1
3989,909,1
4001,909,1
4002,909,1
4006,909,80
4007,909,48
4016,909,2
4020,909,2
4024,909,1
4025,909,1
4026,909,51
4027,909,19
4030,909,11
4031,909,8
4034,909,1
4036,909,14
4037,909,1
4038,909,8
4040,909,1
4041,909,3
4043,909,1
4048,909,17
4049,909,1
4050,909,1
4061,909,15
4062,909,8
4067,909,50
4068,909,1
4072,909,31
4073,909,1
4076,909,234
4077,909,1
4084,909,6
4085,909,1
4089,909,2
4092,909,5
4098,909,2
4100,909,3
4101,909,1
4102,909,1
4104,909,1
4108,909,3
4110,909,2
4112,909,13
4117,909,6
4120,909,1
4122,909,12
4130,909,5
4133,909,12
4134,909,3
4136,909,1
4138,909,1
4140,909,21
4144,909,3
4145,909,1
4146,909,1
4151,909,1
4155,909,1
4166,909,4
4173,909,3
4179,909,4
4181,909,6
4190,909,5
4193,909,1
4195,909,1
4200,909,1
4202,909,1
4209,909,1
4212,909,1
4217,909,1
4225,909,2
4227,909,1
4229,909,1
4237,909,1
4243,909,6
4250,909,1
4258,909,2
4271,909,1
4274,909,1
4280,909,1
4293,909,1
4295,909,4
4299,909,4
4301,909,3
4325,909,1
4330,909,1
4334,909,3
4337,909,2
4338,909,1
4357,909,1
4359,909,3
4369,909,1
4373,909,1
4379,909,6
4383,909,1
4384,909,14
4386,909,1
4387,909,2
4389,909,4
4390,909,6
4392,909,2
4393,909,8
4397,909,8
4400,909,4
4407,909,4
4408,909,21
4409,909,1
4411,909,25
4416,909,2
4417,909,8
4421,909,1
4424,909,1
4425,909,2
4428,909,3
4429,909,1
4432,909,2
4433,909,2
4435,909,3
4438,909,1
4443,909,58
4447,909,16
4450,909,29
4452,909,1
4453,909,5
4457,909,2
4458,909,1
4459,909,33
4460,909,1
4462,909,7
4463,909,4
4467,909,1
4468,909,8
4470,909,1
4471,909,6
4472,909,1
4475,909,1
4478,909,2
4480,909,1
4481,909,1
4504,909,3
4519,909,1
4521,909,2
4523,909,1
4529,909,1
4532,909,3
4533,909,4
4549,909,1
4556,909,2
4566,909,1
4568,909,1
4570,909,10
4576,909,4
4584,909,125
4588,909,2
4612,909,1
4613,909,1
4661,909,8
4669,909,1
4672,909,1
4704,909,1
4727,909,3
4731,909,4
4735,909,1
4746,909,2
4749,909,17
4762,909,2
4767,909,1
4774,909,3
4785,909,1
4797,909,1
4810,909,4
4818,909,2
4824,909,5
4834,909,1
4845,909,1
4850,909,1
4875,909,1
4877,909,1
4878,909,2
4884,909,1
4885,909,2
4886,909,5
4887,909,2
4913,909,1
4914,909,1
4925,909,1
4999,909,80
5000,909,11
5007,909,1
5012,909,1
5015,909,1
5021,909,4
5031,909,1
5040,909,6
5042,909,1
5060,909,3
5066,909,1
5072,909,2
5087,909,2
5093,909,45
5104,909,1
5110,909,9
5121,909,4
5133,909,1
5141,909,1
5156,909,1
5189,909,1
5192,909,1
5197,909,6
5201,909,1
5239,909,1
5265,909,1
5282,909,1
5302,909,2
5336,909,9
5338,909,1
5360,909,1
5365,909,1
5367,909,1
5369,909,1
5376,909,15
5380,909,1
5381,909,1
5386,909,68
5394,909,1
5395,909,1
5398,909,1
5403,909,2
5407,909,3
5414,909,1
5418,909,6
5425,909,1
5426,909,1
5432,909,1
5434,909,9
5435,909,1
5438,909,85
5445,909,37
5447,909,2
5451,909,2
5458,909,2
5459,909,1
5461,909,1
5473,909,1
5479,909,1
5480,909,1
5481,909,1
5512,909,1
5513,909,4
5514,909,1
5520,909,23
5522,909,2
5524,909,1
5526,909,15
5530,909,2
5531,909,2
5532,909,273
5536,909,22
5537,909,3
5538,909,1
5549,909,11
5550,909,2
5551,909,1
5552,909,1
5553,909,4
5554,909,2
5556,909,14
5557,909,5
5563,909,2
5564,909,5
5566,909,3
5567,909,2
5570,909,9
5573,909,29
5581,909,25
5582,909,1
5585,909,1
5586,909,2
5588,909,102
5595,909,1
5598,909,7
5600,909,8
5604,909,4
5606,909,1
5607,909,9
5609,909,17
5610,909,2
5611,909,1
5615,909,12
5616,909,5
5618,909,7
5619,909,2
5620,909,1
5624,909,16
5625,909,1
5626,909,1
5627,909,83
5628,909,14
5632,909,8
5637,909,6
5638,909,1
5640,909,6
5643,909,3
5644,909,2
5646,909,2
5647,909,3
5648,909,3
5649,909,1
5651,909,1
5652,909,5
5654,909,2
5691,909,1
5717,909,1
5740,909,1
5741,909,9
5742,909,6
5743,909,1
5744,909,1
5745,909,40
5746,909,94
5747,909,455
5748,909,83
5749,909,15
5750,909,212
5751,909,4
5752,909,1
5753,909,362
5754,909,1
5755,909,43
5756,909,8
5757,909,2
5758,909,1
5759,909,2
5760,909,1
5761,909,5
5762,909,1
5763,909,2
5764,909,1
5765,909,10
5766,909,2
5767,909,3
5768,909,9
5769,909,5
5770,909,3
5771,909,14
5772,909,5
5774,909,146
5775,909,1
5776,909,5
5777,909,28
5778,909,4
5779,909,81
5781,909,1
5782,909,1
5783,909,6
5784,909,17
5785,909,14
5786,909,14
5787,909,3
5788,909,6
5789,909,24
5790,909,10
5791,909,455
5792,909,18
5793,909,11
5794,909,2
5795,909,1
5796,909,3
5797,909,3
5798,909,9
5799,909,1581
5800,909,2
5801,909,16
5802,909,271
5803,909,3
5804,909,2
5805,909,3
5806,909,2
5807,909,2
5808,909,1
5809,909,11
5810,909,34
5811,909,8
5812,909,1
5852,909,1
5869,909,1
5873,909,4
5877,909,1
5885,909,4
5889,909,2
5890,909,65
5891,909,1
5893,909,2
5894,909,1
5895,909,206
5896,909,24
5897,909,5
5898,909,1
5900,909,1
5902,909,3
5903,909,1
5904,909,1
5906,909,4
5907,909,1
5908,909,2
5909,909,1
5911,909,3
5912,909,14
5915,909,1
5916,909,6
5917,909,1
5918,909,3
5920,909,1
5921,909,41
5922,909,3
5923,909,3
5924,909,1
5925,909,2
5926,909,5
5927,909,6
5928,909,1
5932,909,1
5933,909,1
5935,909,14
5936,909,4
5937,909,3
5938,909,1
5941,909,1
5942,909,3
5943,909,3
5944,909,2
5968,909,15
5979,909,2
5989,909,1
6003,909,1
6008,909,1
6017,909,2
6022,909,13
6030,909,2
6035,909,1
6037,909,2
6050,909,1
6051,909,3
6059,909,8
6066,909,3
6070,909,1
6071,909,16
6072,909,1
6077,909,6
6088,909,11
6104,909,3
6110,909,1
6114,909,1
6115,909,1
6123,909,2
6124,909,1
6128,909,1
6133,909,3
6134,909,3
6145,909,6
6154,909,1
6156,909,7
6165,909,11
6171,909,7
6184,909,5
6185,909,3
6201,909,2
6206,909,3
6212,909,14
6213,909,13
6215,909,1
6216,909,2
6229,909,5
6230,909,17
6239,909,24
6250,909,2
6268,909,1
6277,909,5
6294,909,1
6301,909,1
6334,909,1
6340,909,1
6353,909,1
6371,909,3
6387,909,1
6388,909,1
6389,909,1
6411,909,1
6435,909,2
6443,909,1
6448,909,1
6449,909,1
6460,909,1
6467,909,1
6480,909,1
6485,909,3
6491,909,6
6507,909,2
6520,909,22
6522,909,3
6524,909,8
6525,909,1
6526,909,1
6544,909,16
6548,909,10
6554,909,2
6555,909,1
6558,909,1
6560,909,5
6562,909,1
6563,909,1
6566,909,2
6569,909,66
6573,909,1
6575,909,1
6578,909,2
6585,909,3
6589,909,2
6591,909,1
6592,909,2
6594,909,2
6604,909,1
6607,909,7
6614,909,9
6624,909,3
6626,909,1
6628,909,4
6629,909,2
6635,909,19
6638,909,1
6639,909,1
6640,909,1
6641,909,7
6642,909,3
6643,909,10
6644,909,1
6645,909,1
6646,909,1
6647,909,5
6652,909,2
6655,909,1
6657,909,1
6660,909,5
6663,909,1
6667,909,6
6669,909,86
6684,909,1
6686,909,4
6695,909,10
6703,909,9
6704,909,2
6708,909,2
6710,909,3
6715,909,4
6729,909,4
6730,909,1
6738,909,1
6739,909,1
6747,909,1
6752,909,1
6754,909,1
6757,909,1
6758,909,3
6763,909,4
6764,909,3
6765,909,8
6766,909,15
6767,909,2
6769,909,1
6770,909,1
6773,909,1
6779,909,1
6787,909,2
6806,909,1
6811,909,1
6838,909,1
6841,909,20
6842,909,9
6843,909,2
6844,909,26
6845,909,3
6846,909,2
6847,909,15
6848,909,20
6849,909,1
6850,909,1
6851,909,2
6852,909,2
6853,909,2
6854,909,4
6855,909,1
6872,909,1
6874,909,2
6875,909,2
6891,909,1
6903,909,3
6908,909,2
6917,909,44
6920,909,1
6928,909,10
6936,909,1
6948,909,3
6972,909,1
6981,909,21
6989,909,3
6990,909,1
7007,909,3
7013,909,1
7014,909,1
7020,909,1
7026,909,1
7029,909,1
7035,909,1
7042,909,1
7049,909,1
7051,909,1
7058,909,1
7060,909,1
7065,909,4
7070,909,8
7073,909,1
7074,909,3
7075,909,1
7077,909,1
7082,909,1
7099,909,1
7105,909,1
7116,909,2
7125,909,3
7130,909,1
7134,909,3
7139,909,2
7140,909,1
7151,909,15
7164,909,1
7176,909,6
7180,909,2
7181,909,1
7187,909,1
7188,909,3
7199,909,1
7209,909,19
7246,909,1
7252,909,3
7269,909,2
7304,909,1
7312,909,1
7313,909,1
7346,909,6
7383,909,1
7386,909,3
7409,909,1
7410,909,1
7413,909,1
7414,909,1
7415,909,1
7416,909,145
7417,909,23
7418,909,6
7419,909,2
7420,909,6
7421,909,1
7422,909,1
7423,909,1
7424,909,3
7425,909,46
7426,909,1
7427,909,1
7429,909,46
7431,909,1
7433,909,2
7434,909,1
7436,909,1
7438,909,2
7439,909,1
7440,909,13
7441,909,2
7442,909,15
7444,909,13
7445,909,1
7446,909,1
7449,909,28
7450,909,1
7451,909,2
7452,909,1
7454,909,2
7455,909,5
7456,909,16
7457,909,8
7458,909,1
7459,909,3
7461,909,1
7463,909,1
7464,909,66
7465,909,1
7491,909,3
7495,909,1
7504,909,1
7508,909,26
7512,909,10
7513,909,2
7518,909,1
7520,909,1
7524,909,1
7540,909,3
7542,909,1
7543,909,8
7545,909,8
7554,909,1
7555,909,2
7562,909,4
7564,909,1
7570,909,1
7581,909,1
7589,909,1
7600,909,28
7603,909,1
7605,909,1
7609,909,13
7611,909,1
7614,909,1
7622,909,1
7623,909,1
7625,909,9
7627,909,9
7630,909,1
7632,909,1
7634,909,1
7635,909,1
7638,909,3
7641,909,1
7645,909,1
7647,909,3
7648,909,2
7650,909,1
7652,909,1
7657,909,2
7659,909,1
7663,909,1
7674,909,1
7744,909,2
7746,909,1
7803,909,2
7837,909,1
7890,909,1
7926,909,2
7940,909,1
7941,909,2
7956,909,2
7983,909,1
8001,909,1
8005,909,1
8113,909,1
8115,909,1
8134,909,1
8158,909,1
8167,909,1
8178,909,2
8181,909,6
8182,909,1
8188,909,1
8191,909,3
8261,909,1
8263,909,2
8264,909,1
8273,909,3
8277,909,1
8281,909,6
8283,909,3
8288,909,3
8292,909,2
8293,909,1
8294,909,1
8296,909,15
8303,909,1
8308,909,2
8315,909,1
8322,909,4
8325,909,5
8326,909,1
8330,909,1
8331,909,1
8332,909,1
8333,909,2
8334,909,3
8339,909,1
8342,909,1
8344,909,1
8361,909,1
8362,909,1
8363,909,27
8372,909,1
8379,909,8
8380,909,5
8389,909,5
8390,909,2
8392,909,1
8393,909,1
8397,909,1
8399,909,1
8404,909,2
8409,909,2
8410,909,1
8411,909,5
8413,909,3
8416,909,24
8418,909,1
8436,909,1
8437,909,1
8460,909,1
8482,909,1
8485,909,1
8498,909,1
8501,909,3
8502,909,7
8503,909,1
8508,909,6
8515,909,25
8518,909,18
8520,909,12
8526,909,1
8532,909,1
8536,909,2
8541,909,6
8543,909,28
8547,909,1
8551,909,1
8558,909,7
8560,909,2
8612,909,2
8662,909,4
8672,909,1
8691,909,1
8692,909,6
8693,909,1
8694,909,5
8695,909,23
8696,909,16
8697,909,1
8698,909,3
8701,909,8
8702,909,586
8703,909,108
8704,909,708
8706,909,184
8707,909,26
8709,909,2
8710,909,66
8711,909,6
8712,909,296
8713,909,1
8714,909,31
8715,909,99
8716,909,18
8718,909,1
8720,909,13
8721,909,17
8722,909,7
8723,909,26
8724,909,8
8725,909,36
8726,909,116
8727,909,64
8728,909,53
8729,909,174
8730,909,3
8731,909,1
8732,909,1
8733,909,23
8734,909,29
8735,909,1
8736,909,6
8737,909,4
8738,909,59
8739,909,358
8740,909,4
8741,909,3
8742,909,11
8744,909,1
8746,909,1
8747,909,1
8748,909,1
8749,909,295
8751,909,7
8752,909,4
8753,909,5
8754,909,6
8755,909,234
8756,909,22
8757,909,2
8760,909,4
8761,909,2
8762,909,184
8763,909,184
8764,909,2
8766,909,5
8767,909,1
8768,909,79
8769,909,678
8770,909,10
8772,909,4531
8773,909,313
8774,909,5
8776,909,6
8777,909,1
8778,909,1
8779,909,1
8780,909,1
8781,909,50
8782,909,17
8783,909,162
8784,909,1
8785,909,554
8786,909,2
8787,909,118
8788,909,222
8789,909,2
8790,909,98
8791,909,1
8792,909,15
8793,909,26
8794,909,5
8795,909,1
8796,909,5
8798,909,9
8799,909,1
8800,909,1
8801,909,129
8804,909,283
8805,909,109
8806,909,2
8938,909,1
8956,909,1
8990,909,4
8994,909,1
9036,909,1
9040,909,5
9060,909,1
9063,909,7
9065,909,3
9102,909,4
9125,909,2
9143,909,1
9183,909,7
9184,909,17
9185,909,81
9186,909,15
9187,909,38
9188,909,65
9189,909,8
9190,909,26
9191,909,5
9192,909,14
9193,909,4
9194,909,81
9195,909,3
9196,909,282
9197,909,48
9198,909,6
9204,909,2
9205,909,1
9211,909,6
9213,909,2
9217,909,1
9220,909,1
9221,909,1
9225,909,1
9226,909,2
9229,909,6
9234,909,1
9237,909,1
9245,909,1
9251,909,5
9257,909,9
9258,909,1
9270,909,7
9271,909,1
9276,909,1
9278,909,1
9284,909,8
9286,909,2
9287,909,1
9289,909,65
9290,909,5
9292,909,1
9295,909,12
9306,909,57
9327,909,1
9362,909,1
9384,909,1
9393,909,1
9406,909,1
9441,909,1
9456,909,1
9458,909,2
9459,909,6
9462,909,8
9464,909,1
9468,909,2
9522,909,1
9530,909,2
9533,909,1
9543,909,1
9570,909,1
9578,909,2
9586,909,1
9597,909,1
9611,909,1
9641,909,1
9643,909,1
9644,909,2
9668,909,36
9669,909,18
9670,909,1
9677,909,1
9682,909,5
9686,909,1
9687,909,1
9688,909,15
9690,909,1
9691,909,1
9692,909,3
9693,909,1
9700,909,1
9704,909,72
9710,909,2
9712,909,13
9725,909,6
9732,909,85
9738,909,43
9741,909,1
9749,909,1
9753,909,6
9759,909,1
9762,909,2
9768,909,2
9770,909,7
9771,909,6
9772,909,1
9780,909,1
9785,909,6
9792,909,2
9797,909,1
9803,909,1
9804,909,117
9813,909,2
9815,909,1
9818,909,2
9822,909,2
9823,909,1
9824,909,52
9827,909,2
9829,909,10
9830,909,2
9835,909,1
9837,909,2
9840,909,1
9842,909,156
9851,909,17
9864,909,14
9871,909,92
9877,909,121
9880,909,1
9895,909,4
9896,909,1
9901,909,2
9904,909,6
9911,909,11
9912,909,1
9913,909,11
9914,909,13
9915,909,3
9917,909,1
9920,909,1
9923,909,3
9929,909,21
9936,909,7
9938,909,1
9944,909,1
9949,909,1
9957,909,1
9961,909,2
9964,909,6
9966,909,5
9983,909,1
9985,909,3
10022,909,1
10091,909,1
10096,909,1
10098,909,2
10100,909,1
10101,909,1
10106,909,23
10107,909,1
10121,909,1
10144,909,1
10149,909,3
10150,909,1
10159,909,82
10161,909,1
10164,909,1
10168,909,1
10169,909,11
10170,909,3
10175,909,2
10177,909,2
10187,909,1
10188,909,11
10191,909,1
10192,909,2
10193,909,1
10195,909,3
10196,909,2
10203,909,4
10205,909,1
10206,909,1
10208,909,2
10209,909,4
10212,909,4
10219,909,3
10226,909,5
10236,909,3
10238,909,4
10245,909,4
10247,909,5
10251,909,1
10253,909,14
10254,909,1
10256,909,1
10258,909,33
10261,909,4
10262,909,13
10263,909,3
10264,909,1
10265,909,2
10266,909,1
10267,909,1
10270,909,4
10275,909,1
10276,909,1
10282,909,1
10286,909,2
10291,909,2
10294,909,1
10295,909,1
10302,909,16
10309,909,54
10310,909,3
10311,909,1
10348,909,2
10355,909,5
10369,909,1
10404,909,1
10405,909,1
10406,909,1
10422,909,1
10423,909,1
10431,909,6
10434,909,1
10436,909,1
10442,909,8
10444,909,1
10446,909,1
10447,909,4
10452,909,8
10456,909,1
10459,909,7
10466,909,2
10467,909,1
10474,909,1
10475,909,1
10480,909,1
10481,909,43
10487,909,1
10489,909,1
10496,909,1
10503,909,2
10509,909,1
10512,909,1
10514,909,1
10521,909,1
10523,909,17
10529,909,5
10530,909,3
10532,909,1
10535,909,1
10538,909,3
10540,909,9
10541,909,1
10551,909,4
10555,909,1
10557,909,1
10558,909,1
10560,909,1
10564,909,1
10573,909,1
10583,909,1
10628,909,1
10636,909,2
10643,909,7
10644,909,1
10650,909,1
10660,909,4
10672,909,1
10677,909,1
10680,909,1
10709,909,2
10711,909,1
10712,909,1
10719,909,2
10720,909,3
10721,909,1
10758,909,3
10764,909,1
10765,909,1
10766,909,71
10771,909,2
10772,909,2
10773,909,4
10779,909,1
10784,909,2
10787,909,1
10790,909,1
10795,909,2
10798,909,1
10799,909,2
10800,909,2
10803,909,1
10806,909,1
10811,909,1
10813,909,2
10818,909,2
10820,909,1
10821,909,1
10824,909,9
10829,909,41
10830,909,1
10831,909,1
10832,909,2
10833,909,2
10837,909,1
10840,909,2
10843,909,1
10849,909,1
10850,909,1
10853,909,1
10854,909,1
10858,909,1
10861,909,272
10862,909,1
10863,909,3
10864,909,1
10865,909,1
10870,909,8
10872,909,1
10876,909,33
10880,909,7
10881,909,4
10882,909,3
10883,909,892
10885,909,4
10887,909,64
10888,909,14
10889,909,2
10891,909,1
10893,909,8
10894,909,2
10895,909,17
10897,909,3
10898,909,6
10899,909,4
10900,909,692
10906,909,1
10908,909,10
10910,909,3
10914,909,1
10915,909,1
10919,909,1
10921,909,63
10925,909,1
10929,909,387
10934,909,1
10935,909,36
10936,909,3
10938,909,3
10949,909,1
10954,909,51
10955,909,8
10960,909,37
10961,909,3
10963,909,20
10965,909,2
10970,909,1
10971,909,6
10972,909,1
10973,909,20
10974,909,97
10975,909,3
10976,909,1
10977,909,3
10980,909,1
10983,909,9
10985,909,1
10987,909,4
10988,909,1
10989,909,17
10996,909,24
10998,909,1
11003,909,1
11011,909,1
11012,909,1
11034,909,1
11035,909,1
11040,909,1
11055,909,1
11064,909,42
11067,909,3
11070,909,1
11071,909,5
11073,909,15
11074,909,19
11089,909,2
11091,909,3
11092,909,9
11094,909,3
11101,909,1
11141,909,7
11162,909,1
11193,909,1
11209,909,2
11242,909,9
11264,909,1
11295,909,1
11299,909,1
11312,909,3
11371,909,4
11436,909,1
11513,909,1
11565,909,5
11573,909,2
11575,909,1
11577,909,1
11578,909,2
11582,909,2
11583,909,1
11584,909,152
11587,909,1
11588,909,2
11589,909,4
11590,909,1
11591,909,3
11597,909,1
11601,909,72
11605,909,1
11606,909,3
11607,909,1
11609,909,1
11610,909,4
11612,909,1
11616,909,1
11617,909,1
11619,909,1
11620,909,1
11623,909,8
11626,909,6
11628,909,1
11632,909,47
11639,909,50
11642,909,1
11647,909,6
11649,909,6
11654,909,1
11655,909,7
11657,909,3
11658,909,3
11659,909,1
11662,909,18
11665,909,2
11666,909,2
11667,909,4
11671,909,2
11672,909,7
11673,909,2
11674,909,14
11675,909,10
11676,909,2
11679,909,7
11684,909,3
11685,909,1
11686,909,1
11689,909,2
11690,909,8
11693,909,1
11694,909,3
11695,909,1
11696,909,1
11697,909,3
11698,909,4
11700,909,2
11704,909,1
11710,909,1
11719,909,1
11786,909,1
11788,909,3
11790,909,1
11829,909,2
11830,909,1
11831,909,1
11843,909,1
12095,909,11
12101,909,2
12104,909,2
12110,909,2
12111,909,5
12114,909,74
12118,909,7
12120,909,9
12131,909,2
12132,909,1
12133,909,1
12134,909,3
12135,909,3
12145,909,9
12146,909,5
12147,909,2
12150,909,11
12153,909,8
12161,909,1
12164,909,1
12170,909,1
12247,909,1
12256,909,6
12274,909,1
12281,909,16
12317,909,1
12369,909,1
12375,909,3
12381,909,12
12385,909,14
12388,909,1
12389,909,2
12391,909,1
12401,909,5
12406,909,1
12411,909,31
12412,909,1
12414,909,4
12425,909,6
12431,909,20
12434,909,1
12442,909,13
12443,909,1
12446,909,3
12450,909,1
12454,909,5
12457,909,7
12458,909,8
12459,909,1
12468,909,3
12470,909,1
12472,909,1
12476,909,1
12478,909,15
12485,909,2
12494,909,1
12504,909,1
12513,909,12
12516,909,1
12520,909,1
12533,909,9
12534,909,1
12545,909,22
12581,909,1
12583,909,7
12592,909,1
12599,909,2
12600,909,7
12606,909,2
12616,909,1
12617,909,7
12630,909,1
12643,909,1
12647,909,5
12663,909,2
12665,909,3
12668,909,2
12669,909,6
12670,909,2
12672,909,1
12673,909,1
12683,909,1
12812,909,1
12826,909,2
12869,909,1
13004,909,62
13009,909,2
13015,909,2
13032,909,2
13033,909,1
13043,909,4
13052,909,3
13056,909,1
13057,909,18
13058,909,1
13059,909,7
13070,909,1
13077,909,4
13093,909,11
13101,909,3
13106,909,3
13108,909,2
13126,909,3
13133,909,2
13135,909,2
13142,909,6
13144,909,3
13146,909,1
13154,909,14
13169,909,1
13171,909,11
13180,909,2
13184,909,32
13187,909,3
13188,909,1
13192,909,1
13194,909,1
13198,909,3
13200,909,1
13206,909,2
13207,909,15
13209,909,1
13211,909,1
13217,909,2
13219,909,2
13221,909,1
13240,909,1
13267,909,1
13278,909,1
13320,909,7
13338,909,1
13347,909,1
13357,909,1
13371,909,6
13375,909,1
13386,909,1
13412,909,2
13416,909,1
13419,909,3
13420,909,1
13421,909,9
13428,909,1
13437,909,3
13442,909,1
13446,909,1
13452,909,2
13453,909,1
13457,909,3
13462,909,126
13468,909,29
13475,909,2
13477,909,2
13483,909,2
13486,909,1
13494,909,4
13496,909,3
13497,909,4
13499,909,1
13500,909,3
13504,909,2
13515,909,3
13516,909,3
13517,909,1
13519,909,1
13520,909,1
13521,909,1
13543,909,1
13545,909,2
13546,909,4
13547,909,4
13557,909,3
13566,909,1
13573,909,2
13575,909,1
13576,909,5
13578,909,8
13579,909,9
13586,909,1
13590,909,4
13631,909,1
13636,909,2
13647,909,1
13665,909,19
13666,909,15
13668,909,446
13682,909,2
13686,909,1
13690,909,1
13691,909,2
13692,909,1
13693,909,1
13694,909,18
13697,909,1
13702,909,2
13710,909,1
13775,909,4
13776,909,2
13787,909,2
13788,909,1
13796,909,1
13804,909,1
13811,909,1
13813,909,2
13815,909,1
13818,909,11
13840,909,1
13843,909,4
13851,909,2
13854,909,4
13855,909,1
13861,909,7
13864,909,1
13886,909,1
13891,909,1
13895,909,2
13897,909,2
13904,909,2
13934,909,1
13936,909,2
13937,909,1
13949,909,1
13951,909,3
13953,909,1
13954,909,1
13961,909,1
13978,909,1
13980,909,10
13985,909,1
14004,909,1
14278,909,1
14283,909,2
14288,909,1
14289,909,1
14292,909,1
14295,909,1
14298,909,1
14303,909,1
14304,909,3
14306,909,3
14312,909,1
14333,909,8
14336,909,2
14339,909,4
14342,909,1
14348,909,4
14351,909,1
14352,909,1
14356,909,1
14359,909,1
14385,909,3
14387,909,8
14510,909,1
14523,909,1
14528,909,1
14533,909,5
14540,909,1
14546,909,3
14550,909,2
14554,909,21
14564,909,9
14568,909,1
14577,909,259
14584,909,4
14591,909,1
14603,909,1
14609,909,1
14610,909,1
14655,909,9
14663,909,1
14666,909,2
14698,909,1
14709,909,4
14712,909,1
14713,909,2
14714,909,11
14716,909,2
14720,909,1
14721,909,10
14723,909,1
14724,909,2
14727,909,133
14731,909,2
14732,909,4
14733,909,199
14735,909,2
14736,909,1
14737,909,33
14738,909,7
14739,909,1
14741,909,1
14743,909,4
14744,909,1
14745,909,9
14747,909,2
14748,909,3
14749,909,1
14750,909,90
14751,909,1
14755,909,2
14757,909,814
14758,909,8
14759,909,3
14761,909,1
14763,909,1
14764,909,1
14769,909,13
14775,909,1
14777,909,87
14783,909,24
14784,909,3
14786,909,1
14788,909,1
14796,909,1
14801,909,144
14802,909,3
14804,909,19
14807,909,9
14808,909,3
14810,909,4
14812,909,1
14817,909,1
14818,909,29
14819,909,7
14820,909,16
14821,909,2
14822,909,5
14824,909,4
14827,909,1
14830,909,2
14831,909,2
14833,909,2
14835,909,4
14843,909,33
14845,909,3
14855,909,1
14867,909,1
14908,909,1
14915,909,1
14916,909,1
14949,909,1
14950,909,1
14985,909,1
15031,909,1
15096,909,22
15097,909,3
15119,909,2
15137,909,3
15154,909,1
15163,909,1
15174,909,1
15179,909,19
15195,909,4
15201,909,2
15265,909,2
15269,909,1
15305,909,1
15373,909,1
15402,909,4
15437,909,3
15446,909,12
15470,909,1
15485,909,2
15488,909,14
15492,909,6
15540,909,2
15541,909,1
15547,909,11
15549,909,1
15553,909,7
15557,909,1
15558,909,1
15559,909,127
15563,909,10
15564,909,1
15576,909,5
15577,909,1
15579,909,1
15580,909,2
15581,909,1
15583,909,7
15584,909,2
15589,909,1
15590,909,2
15592,909,1
15593,909,1
15596,909,4
15599,909,13
15607,909,11
15608,909,1
15611,909,1
15612,909,1
15614,909,48
15624,909,3
15626,909,4
15630,909,2
15632,909,1
15633,909,4
15635,909,8
15636,909,1
15641,909,6
15642,909,2
15644,909,3
15645,909,1
15650,909,7
15653,909,39
15654,909,7
15658,909,4
15663,909,3
15664,909,1
15665,909,3
15668,909,2
15669,909,1
15671,909,1
15672,909,1
15673,909,1
15676,909,2
15678,909,1
15726,909,1
15744,909,1
15745,909,1
15746,909,5
15747,909,12
15748,909,58
15749,909,11
15750,909,2
15751,909,27
15753,909,46
15754,909,5
15755,909,1
15758,909,1
15761,909,1
15764,909,1
15765,909,1
15767,909,2
15768,909,1
15769,909,19
15770,909,1
15771,909,3
15773,909,10
15775,909,1
15776,909,2
15777,909,2
15778,909,2
15780,909,1
15781,909,3
15782,909,1
15783,909,58
15784,909,2
15785,909,1
15789,909,1
15790,909,201
15792,909,2
15793,909,34
15799,909,1
15800,909,4
15801,909,1
15807,909,1
15814,909,2
15832,909,2
15854,909,1
15860,909,2
15874,909,2
15888,909,2
15890,909,1
15893,909,17
15894,909,1
15900,909,3
15911,909,15
15975,909,11
15980,909,34
15981,909,4
15982,909,1
15991,909,1
15996,909,1
15997,909,2
16000,909,1
16004,909,7
16005,909,1
16006,909,1
16009,909,1
16010,909,1
16016,909,2
16017,909,1
16024,909,1
16033,909,1
16034,909,1
16035,909,1
16065,909,4
16107,909,4
16117,909,1
16129,909,1
16135,909,2
16142,909,1
16147,909,4
16152,909,2
16162,909,3
16219,909,1
16228,909,5
16234,909,2
16239,909,1
16240,909,1
16248,909,3
16249,909,2
16251,909,1
16252,909,1
16253,909,1
16254,909,2
16260,909,5
16261,909,5
16272,909,9
16281,909,2
16283,909,11
16292,909,19
16299,909,12
16311,909,1
16312,909,1
16335,909,3
16336,909,3
16339,909,1
16350,909,2
16351,909,6
16357,909,9
16363,909,1
16374,909,8
16375,909,1
16376,909,1
16402,909,4
16412,909,19
16413,909,1
16414,909,1
16433,909,2
16442,909,3
16553,909,1
16567,909,1
16568,909,1
16569,909,1
16584,909,1
16604,909,2
16612,909,1
16617,909,1
16618,909,1
16629,909,1
16649,909,1
16654,909,3
16660,909,5
16675,909,1
16688,909,18
16690,909,3
16692,909,6
16693,909,1
16694,909,1
16712,909,13
16773,909,4
16777,909,1
16783,909,2
16789,909,1
16792,909,24
16800,909,1
16804,909,1
16807,909,1
16810,909,1
16812,909,1
16820,909,2
16827,909,3
16836,909,1
16839,909,1
16840,909,1
16845,909,7
16851,909,3
16852,909,1
16853,909,4
16857,909,2
16861,909,1
16868,909,2
16875,909,2
16877,909,31
16890,909,1
16897,909,1
16904,909,1
16940,909,1
16942,909,1
16943,909,2
16965,909,3
16966,909,2
16979,909,1
16991,909,7
16995,909,1
17003,909,1
17005,909,8
17009,909,4
17015,909,1
17024,909,1
17025,909,1
17035,909,1
17059,909,1
17060,909,2
17061,909,2
17066,909,1
17068,909,1
17082,909,1
17118,909,1
17170,909,7
17171,909,24
17172,909,1
17177,909,5
17179,909,1
17180,909,15
17181,909,1
17188,909,2
17193,909,1
17205,909,1
17213,909,1
17222,909,1
17227,909,1
17239,909,5
17263,909,2
17266,909,1
17274,909,1
17292,909,2
17294,909,1
17296,909,1
17297,909,1
17298,909,6
17299,909,1
17302,909,2
17303,909,1
17304,909,1
17306,909,6
17307,909,1
17308,909,2
17309,909,4
17313,909,2
17314,909,1
17316,909,2
17317,909,1
17318,909,1
17321,909,3
17322,909,1
17323,909,1
17324,909,1
17325,909,1
17326,909,1
17327,909,1
17329,909,1
17330,909,1
17348,909,2
17365,909,1
17409,909,1
17439,909,1
17470,909,1
17493,909,102
17495,909,1
17501,909,3
17506,909,12
17510,909,3
17511,909,2
17512,909,1
17513,909,336
17514,909,1
17516,909,24
17517,909,5
17518,909,1
17522,909,3
17523,909,1
17524,909,7
17525,909,1
17526,909,2
17527,909,1
17528,909,260
17535,909,4
17537,909,1
17547,909,24
17553,909,146
17558,909,14
17559,909,1
17561,909,1
17570,909,19
17571,909,3
17575,909,14
17576,909,1
17578,909,7
17580,909,1
17584,909,2
17586,909,7
17587,909,36
17588,909,1
17590,909,1
17594,909,3
17595,909,1
17596,909,2
17598,909,6
17603,909,9
17610,909,1
17615,909,1
17616,909,1
17633,909,2
17634,909,1
17638,909,1
17650,909,6
17651,909,1
17653,909,1
17654,909,2
17655,909,3
17666,909,1
17677,909,1
17684,909,1
17691,909,1
17693,909,42
17697,909,1
17698,909,1
17700,909,1
17709,909,20
17714,909,1
17718,909,1
17729,909,2
17732,909,2
17736,909,13
17742,909,14
17749,909,2
17751,909,2
17757,909,2
17759,909,1
17760,909,1
17763,909,5
17768,909,1
17772,909,2
17773,909,1
17774,909,4
17775,909,3
17776,909,1
17779,909,2
17784,909,1
17789,909,1
17790,909,2
17792,909,1
17795,909,1
17796,909,1
17813,909,6
17817,909,1
17818,909,1
17822,909,1
17823,909,3
17826,909,41
17828,909,4
17829,909,5
17834,909,1
17837,909,1
17838,909,1
17842,909,5
17843,909,3
17844,909,1
17846,909,6
17848,909,4
17853,909,1
17855,909,1
17864,909,1
17879,909,2
17916,909,1
17920,909,3
17922,909,4
17924,909,1
17930,909,1
17933,909,8
17935,909,1
17936,909,2
17937,909,5
17941,909,3
17944,909,1
17947,909,1
17949,909,2
17950,909,2
17953,909,1
17959,909,4
17975,909,1
17976,909,8
17984,909,1
17990,909,3
17991,909,8
17993,909,1
17995,909,2
18003,909,1
18004,909,9
18013,909,1
18021,909,1
18022,909,6
18030,909,1
18031,909,2
18033,909,4
18035,909,2
18036,909,7
18037,909,2
18039,909,1
18040,909,1
18048,909,2
18074,909,1
18083,909,1
18088,909,1
18090,909,10
18091,909,4
18093,909,1
18097,909,1
18098,909,1
18100,909,19
18101,909,1
18103,909,1
18107,909,2
18109,909,12
18110,909,1
18113,909,5
18114,909,83
18115,909,3
18116,909,35
18118,909,1
18120,909,1
18122,909,2
18124,909,1
18125,909,1
18127,909,5
18128,909,1
18129,909,1
18134,909,17
18137,909,1
18139,909,1
18141,909,2
18150,909,54
18157,909,15
18158,909,1
18161,909,1
18162,909,14
18163,909,2
18164,909,9
18165,909,1
18170,909,2
18177,909,1
18181,909,14
18185,909,1
18187,909,1
18188,909,8
18189,909,11
18190,909,1
18191,909,1
18195,909,1
18196,909,28
18198,909,15
18199,909,2
18200,909,5
18201,909,2
18205,909,1
18208,909,65
18209,909,1
18211,909,1
18212,909,1
18213,909,2
18215,909,1
18217,909,1
18220,909,1
18222,909,6
18223,909,2
18231,909,6
18232,909,1
18244,909,3
18359,909,1
18364,909,1
18367,909,1
18370,909,1
18375,909,2
18392,909,1
18397,909,1
18418,909,1
18419,909,3
18424,909,2
18428,909,11
18431,909,8
18432,909,5
18442,909,1
18446,909,1
18451,909,2
18453,909,12
18463,909,3
18465,909,1
18473,909,1
18481,909,1
18483,909,1
18488,909,1
18490,909,2
18510,909,4
18513,909,1
18516,909,2
18523,909,2
18530,909,1
18557,909,3
18604,909,1
18605,909,3
18606,909,1
18607,909,2
18608,909,11
18609,909,8
18610,909,1
18611,909,2
18615,909,4
18616,909,291
18618,909,54
18619,909,352
18622,909,91
18623,909,13
18625,909,1
18626,909,33
18627,909,3
18628,909,147
18629,909,1
18631,909,16
18632,909,49
18633,909,9
18635,909,1
18637,909,6
18638,909,8
18639,909,4
18640,909,13
18641,909,4
18642,909,18
18643,909,58
18644,909,32
18645,909,26
18646,909,86
18647,909,1
18648,909,1
18649,909,1
18650,909,11
18652,909,14
18653,909,1
18654,909,3
18655,909,2
18656,909,29
18657,909,178
18658,909,2
18659,909,2
18660,909,6
18665,909,1
18668,909,147
18670,909,4
18672,909,2
18673,909,2
18674,909,3
18675,909,116
18676,909,11
18677,909,1
18680,909,2
18682,909,1
18684,909,92
18686,909,91
18687,909,1
18689,909,2
18691,909,39
18692,909,337
18693,909,5
18695,909,2253
18698,909,156
18699,909,3
18701,909,3
18702,909,1
18703,909,1
18704,909,1
18705,909,1
18708,909,25
18709,909,8
18711,909,81
18713,909,275
18714,909,1
18715,909,58
18716,909,111
18717,909,1
18718,909,49
18719,909,1
18721,909,7
18722,909,13
18723,909,3
18725,909,3
18727,909,4
18729,909,1
18730,909,64
18734,909,141
18735,909,54
18736,909,1
18741,909,1
18750,909,1
18780,909,1
18816,909,4
18817,909,1
18827,909,4
18835,909,1
18843,909,6
18845,909,1
18854,909,3
18856,909,1
18859,909,2
18866,909,2
18870,909,44
18877,909,1
18880,909,9
18885,909,4
18922,909,1
18956,909,1
18961,909,6
18966,909,4
18969,909,1
18970,909,71
18974,909,6
18975,909,1
18986,909,3
18987,909,1
18990,909,1
18993,909,4
18994,909,1
18999,909,1
19000,909,1
19002,909,1
19005,909,2
19008,909,8
19011,909,6
19016,909,1
19018,909,27
19023,909,2
19025,909,2
19029,909,1
19032,909,2
19034,909,5
19035,909,1
19039,909,3
19040,909,1
19042,909,2
19043,909,1
19046,909,4
19049,909,22
19050,909,4
19054,909,2
19058,909,2
19060,909,2
19063,909,1
19064,909,1
19066,909,1
19067,909,1
19068,909,1
19071,909,1
19073,909,1
19076,909,1
19077,909,2
19078,909,8
19079,909,1
19080,909,4
19081,909,6
19082,909,1
19083,909,3
19084,909,1
19085,909,8
19086,909,28
19087,909,5
19088,909,1
19113,909,2
19114,909,8
19115,909,1
19116,909,1
19117,909,2
19118,909,1
19124,909,14
19132,909,1
19141,909,1
19152,909,1
19155,909,1
19163,909,2
19166,909,12
19169,909,2
19173,909,1
19175,909,2
19186,909,1
19187,909,3
19193,909,8
19200,909,2
19205,909,14
19206,909,1
19209,909,5
19219,909,10
19231,909,1
19246,909,1
19256,909,1
19257,909,1
19266,909,2
19276,909,2
19281,909,4
19285,909,3
19301,909,1
19302,909,1
19325,909,1
19372,909,1
19376,909,1
19384,909,1
19387,909,1
19402,909,3
19450,909,1
19457,909,1
19466,909,10
19486,909,1
19492,909,1
19499,909,1
19504,909,3
19509,909,1
19511,909,1
19515,909,1
19524,909,1
19529,909,1
19530,909,12
19536,909,1
19544,909,2
19552,909,2
19559,909,1
19563,909,1
19577,909,1
19603,909,1
19608,909,1
19609,909,1
19610,909,2
19611,909,3
19633,909,12
19634,909,6
19642,909,2
19645,909,5
19648,909,1
19656,909,24
19658,909,1
19659,909,4
19665,909,2
19667,909,28
19671,909,14
19676,909,2
19680,909,1
19682,909,1
19684,909,2
19685,909,2
19692,909,2
19693,909,1
19709,909,1
19711,909,3
19717,909,1
19718,909,4
19722,909,1
19723,909,143
19728,909,3
19729,909,2
19731,909,2
19733,909,2
19734,909,1
19735,909,64
19737,909,2
19739,909,12
19740,909,2
19744,909,1
19746,909,2
19748,909,1
19750,909,190
19755,909,21
19757,909,1
19764,909,17
19766,909,1
19767,909,112
19768,909,148
19770,909,1
19773,909,1
19775,909,5
19776,909,2
19777,909,3
19779,909,7
19783,909,14
19784,909,1
19785,909,14
19786,909,16
19787,909,3
19789,909,1
19790,909,1
19791,909,3
19792,909,1
19793,909,1
19795,909,26
19797,909,8
19798,909,1
19816,909,1
19825,909,1
19834,909,23
19842,909,3
19843,909,1
19848,909,1
19860,909,3
19863,909,1
19866,909,1
19867,909,1
19873,909,1
19879,909,1
19882,909,1
19888,909,1
19895,909,1
19902,909,1
19904,909,1
19911,909,1
19913,909,1
19918,909,4
19923,909,9
19926,909,1
19927,909,4
19928,909,1
19930,909,1
19935,909,1
19952,909,1
19955,909,1
19956,909,3
19957,909,1
19958,909,9
19959,909,1
19960,909,2
20047,909,1
20048,909,1
20053,909,4
20054,909,1
20057,909,1
20059,909,1
20060,909,2
20061,909,106
20064,909,3
20065,909,2
20066,909,6
20071,909,1
20075,909,1
20076,909,3
20078,909,1
20079,909,1
20080,909,1
20081,909,2
20084,909,3
20085,909,1
20087,909,1
20088,909,3
20089,909,3
20092,909,2
20093,909,1
20094,909,1
20097,909,2
20099,909,2
20102,909,2
20103,909,1
20104,909,2
20106,909,13
20108,909,1
20110,909,62
20111,909,1
20112,909,2
20113,909,2
20114,909,3
20116,909,1
20117,909,1
20118,909,1
20120,909,2
20123,909,2
20126,909,1
20127,909,1
20129,909,1
20130,909,1
20133,909,1
20134,909,1
20137,909,51
20139,909,1
20143,909,1
20145,909,6
20147,909,1
20148,909,1
20150,909,167
20151,909,1
20153,909,12
20154,909,3
20159,909,2
20161,909,3
20162,909,1
20163,909,1
20164,909,1
20165,909,129
20169,909,2
20170,909,1
20178,909,12
20181,909,72
20183,909,7
20184,909,1
20186,909,1
20190,909,10
20191,909,1
20193,909,7
20194,909,1
20196,909,4
20202,909,1
20204,909,4
20205,909,18
20206,909,1
20208,909,1
20211,909,2
20213,909,1
20215,909,3
20217,909,4
20219,909,1
20223,909,8
20227,909,6
20228,909,24
20234,909,1
20238,909,4
20241,909,1
20247,909,41
20249,909,17
20254,909,12
20256,909,7
20261,909,1
20264,909,1
20267,909,3
20268,909,1
20269,909,1
20270,909,1
20271,909,1
20278,909,5
20282,909,6
20285,909,6
20289,909,42
20290,909,24
20294,909,1
20296,909,18
20303,909,1
20306,909,1
20307,909,7
20310,909,1
20313,909,2
20323,909,12
20324,909,1
20325,909,1
20329,909,9
20330,909,1
20335,909,1
20347,909,1
20349,909,1
20350,909,1
20351,909,7
20355,909,1
20358,909,1
20360,909,1
20363,909,1
20364,909,1
20366,909,1
20367,909,1
20368,909,73
20370,909,1
20372,909,29
20373,909,4
20376,909,1
20378,909,2
20380,909,3
20381,909,1
20382,909,1
20383,909,1
20384,909,4
20388,909,1
20390,909,1
20393,909,1
20396,909,1
20400,909,8
20402,909,2
20403,909,22
20405,909,21
20407,909,1
20414,909,2
20415,909,7
20420,909,1
20422,909,12
20424,909,3
20427,909,1
20428,909,1
20430,909,4
20434,909,1
20436,909,1
20437,909,1
20439,909,1
20441,909,1
20446,909,1
20447,909,1
20449,909,2
20453,909,1
20458,909,1
20460,909,1
20462,909,59
20465,909,1
20466,909,1
20468,909,1
20474,909,28
20477,909,1
20478,909,1
20479,909,1
20480,909,2
20488,909,1
20489,909,3
20490,909,2
20493,909,18
20497,909,20
20501,909,2
20503,909,3
20506,909,3
20507,909,1
20508,909,1
20510,909,7
20511,909,1
20512,909,1
20513,909,2
20516,909,1
20517,909,3
20518,909,1
20519,909,5
20520,909,4
20521,909,1
20523,909,3
20526,909,1
20530,909,1
20531,909,3
20532,909,1
20533,909,1
20534,909,1
20536,909,1
20537,909,2
20538,909,1
20611,909,1
20645,909,1
20652,909,1
20654,909,9
20655,909,1
20656,909,1
20666,909,1
20667,909,1
20669,909,1
20670,909,1
20685,909,2
20690,909,1
20692,909,4
20693,909,2
20703,909,1
20705,909,1
20706,909,2
20716,909,1
20723,909,1
20724,909,1
20725,909,1
20731,909,1
20733,909,1
20773,909,1
20774,909,4
20775,909,4
20777,909,1
20778,909,2
20780,909,9
20781,909,1
20782,909,2
20783,909,6
20784,909,4
20785,909,1
20786,909,2
20787,909,2
20788,909,2
20789,909,1
20791,909,4
20809,909,1
20820,909,1
20954,909,7
20998,909,13
21003,909,2
21006,909,39
21007,909,4
21008,909,1
21011,909,1
21013,909,1
21016,909,3
21017,909,1
21020,909,3
21021,909,19
21022,909,1
21023,909,1
21026,909,3
21028,909,3
21030,909,1
21040,909,1
21041,909,1
21044,909,1
21051,909,2
21055,909,4
21056,909,1
21065,909,1
21067,909,1
21068,909,2
21069,909,17
21071,909,1
21073,909,1
21076,909,1
21078,909,1
21080,909,1
21083,909,8
21084,909,5
21085,909,1
21086,909,2
21089,909,2
21091,909,1
21098,909,1
21113,909,1
21115,909,2
21116,909,4
21117,909,5
21126,909,3
21133,909,1
21135,909,1
21145,909,3
21149,909,1
21153,909,5
21155,909,3
21159,909,2
21162,909,2
21163,909,1
21164,909,1
21166,909,13
21173,909,1
21177,909,2
21190,909,3
21193,909,4
21194,909,1
21198,909,1
21199,909,1
21200,909,1
21201,909,2
21202,909,2
21207,909,1
21210,909,1
21212,909,1
21224,909,1
21226,909,2
21234,909,1
21236,909,20
21237,909,17
21239,909,480
21245,909,2
21248,909,1
21250,909,1
21251,909,2
21252,909,1
21253,909,1
21254,909,19
21257,909,1
21259,909,2
21263,909,1
21265,909,1
21285,909,2
21288,909,4
21289,909,2
21291,909,3
21292,909,1
21293,909,1
21295,909,1
21298,909,1
21299,909,1
21301,909,3
21302,909,2
21303,909,12
21311,909,1
21313,909,45
21315,909,1
21316,909,1
21320,909,18
21321,909,1
21322,909,1
21323,909,43
21324,909,11
21325,909,1
21326,909,5
21328,909,3
21330,909,75
21331,909,1
21332,909,9
21333,909,2
21334,909,2
21336,909,1
21338,909,2
21340,909,1
21342,909,3
21344,909,1
21346,909,1
21347,909,1
21350,909,14
21351,909,1
21353,909,2
21355,909,11
21358,909,16
21360,909,21
21361,909,1
21363,909,1
21364,909,1
21365,909,1
21366,909,19
21367,909,1
21368,909,1
21369,909,2
21370,909,2
21371,909,1
21374,909,2
21375,909,1
21376,909,2
21377,909,1
21382,909,3
21383,909,1
21384,909,1
21385,909,2
21386,909,1
21387,909,1
21388,909,2
21389,909,1
21390,909,4
21418,909,1
21428,909,1
21430,909,1
21433,909,1
21457,909,6
21491,909,1
21492,909,1
21493,909,4
21494,909,1
21495,909,3
21496,909,1
21497,909,43
21498,909,1
21499,909,1
21500,909,65
21501,909,11
21502,909,2
21503,909,1
21504,909,3
21505,909,1
21506,909,1
21507,909,29
21508,909,1
21509,909,264
21510,909,3
21511,909,1
21512,909,4
21513,909,28
21514,909,8
21515,909,1
21516,909,47
21517,909,1
21518,909,6
21519,909,3
21520,909,1
21521,909,1
21522,909,9
21523,909,2
21524,909,5
21525,909,1
21526,909,2
21527,909,1
21528,909,1
21529,909,1
21530,909,1
21531,909,1
21532,909,11
21533,909,1
21561,909,4
21563,909,1
21567,909,1
21568,909,3
21570,909,19
21572,909,1
21593,909,1
21601,909,1
21604,909,10
21606,909,1
21608,909,1
21610,909,1
21611,909,1
21612,909,1
21616,909,1
21652,909,89
21653,909,12
21659,909,1
21663,909,1
21665,909,1
21673,909,1
21679,909,1
21684,909,2
21697,909,4
21698,909,1
21705,909,5
21707,909,2
21710,909,1
21711,909,2
21712,909,1
21719,909,1
21797,909,2
21844,909,1
21862,909,1
21895,909,1
21900,909,1
21903,909,10
21904,909,1
21916,909,1
21924,909,1
21926,909,1
21930,909,4
21938,909,1
21947,909,1
21950,909,3
21951,909,1
22010,909,1
22030,909,1
22037,909,2
22039,909,1
22052,909,1
22055,909,2
22077,909,1
22083,909,3
22096,909,2
22109,909,2
22111,909,1
22114,909,20
22115,909,1
22120,909,4
22131,909,17
22199,909,1
22201,909,4
22202,909,12
22207,909,16
22209,909,1
22213,909,2
22291,909,1
22311,909,2
22315,909,1
22333,909,2
22336,909,1
22352,909,6
22371,909,1
22377,909,1
22389,909,2
22394,909,1
22396,909,1
22414,909,1
22415,909,8
22442,909,2
22452,909,4
22460,909,4
22461,909,1
22465,909,1
22467,909,1
22473,909,2
22487,909,2
22514,909,1
22518,909,1
22523,909,2
22524,909,1
22525,909,3
22526,909,6
22527,909,1
22549,909,1
22553,909,1
22554,909,1
22569,909,2
22574,909,3
22575,909,1
22604,909,2
22610,909,22
22619,909,10
22622,909,2
22631,909,30
22633,909,3
22637,909,3
22639,909,17
22640,909,23
22646,909,1
22650,909,1
22652,909,2
22654,909,2
22655,909,2
22656,909,1
22660,909,1
22664,909,4
22665,909,1
22687,909,1
22696,909,21
22704,909,3
22705,909,1
22722,909,3
22728,909,1
22729,909,1
22735,909,1
22741,909,1
22744,909,1
22750,909,1
22757,909,1
22764,909,1
22766,909,1
22773,909,1
22775,909,1
22780,909,4
22785,909,9
22787,909,1
22788,909,3
22789,909,1
22791,909,1
22796,909,1
22813,909,1
22818,909,8
22819,909,2
22820,909,26
22821,909,2
22822,909,4
22823,909,1
22840,909,3
22843,909,1
22849,909,5
22853,909,1
22854,909,2
22859,909,5
22862,909,1
22864,909,4
22865,909,1
22871,909,1
22878,909,27
22887,909,1
22893,909,1
22898,909,1
22900,909,1
22905,909,10
22909,909,3
22910,909,2
22916,909,2
22917,909,5
22918,909,1
22928,909,2
22930,909,1
22933,909,1
22936,909,1
22937,909,5
22962,909,1
22968,909,4
22985,909,2
23004,909,1
23032,909,1
23041,909,1
23042,909,2
23082,909,7
23121,909,1
23124,909,4
23152,909,76
23154,909,1
23160,909,2
23164,909,9
23168,909,2
23169,909,1
23170,909,1
23171,909,249
23172,909,1
23174,909,18
23175,909,4
23176,909,1
23180,909,2
23181,909,1
23182,909,5
23183,909,1
23184,909,2
23185,909,1
23186,909,193
23192,909,3
23194,909,1
23204,909,18
23210,909,108
23214,909,10
23215,909,1
23217,909,1
23226,909,14
23227,909,2
23230,909,10
23231,909,1
23233,909,6
23235,909,1
23239,909,2
23241,909,6
23242,909,27
23243,909,1
23245,909,1
23249,909,3
23251,909,1
23253,909,5
23258,909,7
23282,909,5
23288,909,3
23293,909,1
23327,909,1
23343,909,11
23347,909,4
23348,909,1
23358,909,1
23369,909,1
23371,909,3
23373,909,3
23381,909,1
23387,909,2
23395,909,1
23427,909,14
23443,909,7
23461,909,1
23463,909,1
23466,909,4
23472,909,5
23478,909,1
23480,909,1
23485,909,1
23491,909,2
23500,909,1
23502,909,1
23503,909,1
23507,909,1
23515,909,1
23598,909,1
23659,909,1
23668,909,4
23683,909,1
23698,909,1
23704,909,1
23714,909,1
23770,909,2
23771,909,3
23777,909,1
23779,909,6
23781,909,1
23782,909,1
23783,909,4
23786,909,2
23791,909,1
23793,909,1
23794,909,1
23801,909,3
23824,909,2
23837,909,1
23838,909,2
23842,909,1
23851,909,2
23869,909,1
23880,909,1
23882,909,1
23883,909,2
23982,909,1
24007,909,1
24068,909,1
24082,909,1
24091,909,1
24141,909,1
24152,909,1
24161,909,2
24163,909,1
24170,909,1
24174,909,1
24178,909,5
24191,909,1
24205,909,1
24209,909,2
24218,909,1
24219,909,1
24255,909,1
24256,909,1
24257,909,23
24269,909,1
24301,909,34
24302,909,20
24307,909,1
24310,909,1
24314,909,21
24315,909,8
24317,909,5
24318,909,3
24323,909,6
24325,909,3
24326,909,1
24327,909,1
24331,909,7
24338,909,6
24339,909,3
24341,909,21
24343,909,13
24347,909,99
24350,909,2
24352,909,1
24354,909,2
24357,909,1
24359,909,1
24365,909,1
24367,909,1
24369,909,5
24370,909,3
24372,909,1
24375,909,1
24379,909,2
24434,909,1
24443,909,1
24463,909,1
24466,909,1
24468,909,1
24484,909,1
24485,909,2
24490,909,1
24494,909,6
24497,909,4
24498,909,3
24512,909,1
24517,909,1
24519,909,6
24529,909,2
24552,909,1
24554,909,1
24568,909,2
24570,909,1
24573,909,1
24580,909,1
24601,909,1
24606,909,1
24677,909,2
24711,909,1
24716,909,3
24786,909,1
24816,909,1
24843,909,4
24844,909,1
24870,909,1
24892,909,2
24901,909,3
24904,909,1
24908,909,1
24909,909,1
24910,909,1
24921,909,1
24940,909,2
25019,909,1
25047,909,1
25053,909,1
25054,909,1
25059,909,1
25064,909,4
25065,909,2
25074,909,1
25080,909,8
25087,909,34
25095,909,1
25099,909,1
25103,909,1
25106,909,1
25107,909,3
25112,909,1
25113,909,1
25120,909,5
25121,909,1
25123,909,42
25127,909,18
25129,909,1
25132,909,1
25135,909,1
25136,909,1
25178,909,1
25187,909,7
25188,909,1
25212,909,1
25214,909,1
25220,909,3
25244,909,2
25351,909,1
25352,909,1
25358,909,4
25360,909,1
25364,909,1
25373,909,1
25376,909,4
25381,909,1
25392,909,1
25398,909,3
25404,909,6
25417,909,5
25430,909,5
25432,909,2
25435,909,41
25436,909,3
25438,909,1
25441,909,7
25452,909,35
25456,909,23
25460,909,1
25465,909,2
25470,909,1
25475,909,1
25477,909,1
25487,909,2
25490,909,2
25498,909,3
25501,909,20
25505,909,3
25509,909,1
25511,909,3
25522,909,2
25523,909,5
25526,909,1
25529,909,13
25532,909,1
25536,909,4
25538,909,1
25540,909,1
25541,909,24
25542,909,1
25546,909,9
25556,909,16
25578,909,1
25585,909,1
25587,909,2
25590,909,1
25608,909,1
25609,909,1
25611,909,1
25618,909,2
25619,909,6
25625,909,9
25687,909,2
25694,909,1
25699,909,1
25700,909,1
25710,909,1
25717,909,1
25727,909,1
25730,909,3
25735,909,5
25746,909,1
25755,909,19
25757,909,3
25759,909,7
25760,909,1
25761,909,1
25777,909,13
25792,909,1
25837,909,1
25871,909,1
25873,909,5
25883,909,14
25888,909,1
25892,909,12
25893,909,3
25898,909,2
25900,909,4
25907,909,1
25908,909,6
25914,909,1
25921,909,1
25925,909,5
25926,909,1
25938,909,1
25939,909,1
25947,909,1
25949,909,1
25956,909,1
25958,909,2
25959,909,1
25962,909,1
25963,909,4
25968,909,6
25969,909,3
25970,909,10
25971,909,20
25972,909,3
25974,909,1
25975,909,1
25979,909,1
25985,909,1
25995,909,3
26002,909,52
26003,909,27
26004,909,1
26005,909,1
26012,909,1
26017,909,8
26021,909,2
26022,909,1
26023,909,22
26025,909,1
26026,909,1
26027,909,4
26028,909,1
26035,909,1
26039,909,105
26045,909,3
26047,909,18
26060,909,9
26067,909,125
26074,909,64
26077,909,1
26085,909,1
26089,909,9
26090,909,1
26095,909,1
26096,909,1
26098,909,3
26104,909,2
26106,909,11
26107,909,9
26108,909,2
26116,909,1
26122,909,9
26129,909,2
26143,909,22
26162,909,10
26166,909,2
26178,909,30
26187,909,3
26200,909,3
26205,909,17
26211,909,23
26226,909,1
26234,909,1
26240,909,2
26242,909,2
26243,909,2
26244,909,1
26251,909,1
26256,909,4
26260,909,1
26269,909,3
26273,909,1
26275,909,2
26285,909,4
26290,909,1
26291,909,8
26295,909,18
26297,909,15
26318,909,1
26319,909,5
26320,909,1
26322,909,11
26325,909,2
26331,909,1
26346,909,2
26358,909,1
26368,909,37
26378,909,5
26379,909,1
26384,909,1
26386,909,1
26397,909,5
26401,909,1
26404,909,1
26405,909,1
26412,909,2
26414,909,1
26417,909,1
26418,909,2
26421,909,2
26428,909,1
26435,909,2
26444,909,2
26446,909,2
26453,909,2
26455,909,2
26461,909,7
26464,909,1
26466,909,15
26469,909,2
26470,909,6
26471,909,1
26473,909,1
26478,909,2
26494,909,1
26499,909,1
26511,909,26
26518,909,86
26519,909,4
26520,909,1
26525,909,1
26533,909,1
26538,909,1
26557,909,21
26565,909,1
26566,909,5
26573,909,68
26575,909,5
26576,909,1
26581,909,1
26583,909,1
26597,909,1
26598,909,11
26604,909,1
26607,909,1
26613,909,1
26616,909,3
26632,909,1
26641,909,1
26642,909,19
26645,909,3
26647,909,2
26648,909,2
26649,909,1
26655,909,26
26657,909,2
26658,909,1
26659,909,3
26661,909,12
26664,909,2
26665,909,1
26666,909,27
26670,909,4
26673,909,22
26680,909,5
26681,909,2
26685,909,1
26686,909,1
26688,909,4
26689,909,2
26694,909,2
26695,909,146
26697,909,2
26698,909,1
26700,909,1
26701,909,2
26704,909,2
26711,909,5
26716,909,1
26717,909,2
26718,909,7
26724,909,2
26727,909,3
26728,909,1
26729,909,3
26733,909,1
26736,909,2
26738,909,57
26742,909,1
26744,909,15
26745,909,9
26747,909,2
26748,909,1
26750,909,2
26752,909,1
26753,909,11
26755,909,29
26756,909,5
26757,909,1
26760,909,1
26763,909,1
26766,909,12
26770,909,2
26772,909,4
26773,909,2
26775,909,4
26778,909,2
26780,909,5
26783,909,1
26792,909,2
26797,909,1
26807,909,2
26810,909,1
26813,909,1
26817,909,1
26829,909,1
26839,909,1
26849,909,1
26852,909,1
26869,909,3
26879,909,9
26885,909,2
26890,909,34
26891,909,3
26896,909,1
26898,909,3
26909,909,1
26910,909,20
26913,909,1
26916,909,1
26917,909,1
26923,909,3
26928,909,3
26929,909,1
26932,909,6
26939,909,2
26946,909,2
26955,909,1
26956,909,1
26959,909,1
26966,909,1
26968,909,2
26969,909,8
26972,909,3
26973,909,3
26976,909,2
26978,909,2
26979,909,1
26981,909,10
26982,909,13
26983,909,4
26985,909,1
26990,909,1
26995,909,1
27005,909,1
27009,909,2
27010,909,1
27017,909,1
27018,909,1
27026,909,6
27028,909,1
27031,909,1
27034,909,1
27035,909,3
27036,909,146
27041,909,4
27042,909,3
27043,909,9
27047,909,1
27049,909,2
27052,909,1
27054,909,1
27055,909,4
27058,909,1
27059,909,2
27060,909,1
27062,909,1
27063,909,2
27070,909,5
27072,909,1
27073,909,1
27074,909,1
27075,909,4
27078,909,4
27081,909,2
27087,909,1
27088,909,1
27095,909,3
27097,909,3
27104,909,3
27106,909,2
27107,909,3
27110,909,18
27113,909,1
27115,909,85
27116,909,1
27117,909,3
27118,909,3
27119,909,4
27121,909,1
27122,909,1
27123,909,2
27126,909,3
27131,909,2
27133,909,1
27135,909,1
27136,909,1
27140,909,1
27141,909,1
27143,909,1
27144,909,1
27145,909,2
27152,909,8
27164,909,1
27170,909,26
27173,909,2
27181,909,1
27185,909,20
27202,909,2
27208,909,11
27212,909,1
27224,909,1
27228,909,1
27231,909,1
27239,909,1
27240,909,3
27255,909,1
27261,909,1
27271,909,51
27274,909,4
27277,909,1
27278,909,7
27280,909,19
27281,909,23
27296,909,2
27297,909,1
27298,909,4
27299,909,11
27301,909,4
27308,909,1
27344,909,1
27395,909,1
27464,909,5
27473,909,2
27475,909,1
27477,909,1
27478,909,2
27482,909,2
27484,909,147
27487,909,1
27488,909,2
27489,909,4
27490,909,1
27491,909,3
27497,909,1
27502,909,69
27506,909,1
27507,909,3
27508,909,1
27510,909,1
27511,909,4
27513,909,1
27517,909,1
27518,909,1
27520,909,1
27521,909,1
27524,909,7
27527,909,6
27530,909,1
27535,909,46
27542,909,49
27545,909,1
27551,909,6
27553,909,6
27559,909,1
27560,909,7
27562,909,3
27563,909,3
27564,909,1
27568,909,18
27571,909,1
27572,909,1
27573,909,4
27577,909,2
27578,909,6
27579,909,2
27580,909,13
27581,909,9
27582,909,2
27585,909,7
27590,909,3
27591,909,1
27593,909,1
27596,909,2
27597,909,8
27600,909,1
27601,909,3
27602,909,1
27603,909,1
27605,909,3
27606,909,4
27608,909,1
27641,909,1
27647,909,21
27653,909,4
27656,909,4
27662,909,4
27664,909,9
27666,909,1
27667,909,145
27671,909,14
27673,909,18
27684,909,5
27685,909,2
27686,909,2
27687,909,5
27688,909,5
27698,909,17
27699,909,10
27700,909,5
27704,909,22
27707,909,15
27715,909,1
27718,909,3
27724,909,2
27726,909,1
27764,909,1
27772,909,2
27778,909,1
27782,909,3
27785,909,1
27802,909,1
27804,909,1
27805,909,2
27816,909,1
27824,909,1
27825,909,1
27827,909,1
27838,909,1
27851,909,1
27852,909,1
27855,909,1
27860,909,5
27879,909,1
27889,909,8
27901,909,1
27913,909,1
27915,909,1
27919,909,1
27922,909,3
27923,909,1
27927,909,1
27928,909,1
27934,909,1
27936,909,1
27940,909,1
27945,909,1
27948,909,1
27950,909,1
27954,909,1
27958,909,2
27959,909,4
27961,909,1
27965,909,9
27966,909,1
27967,909,1
27969,909,1
27971,909,44
27975,909,1
27977,909,51
27981,909,4
27982,909,7
27983,909,2
27984,909,3
27988,909,1
27990,909,1
27992,909,1
27994,909,19
27999,909,5
28006,909,112
28007,909,2
28009,909,16
28023,909,22
28030,909,71
28034,909,2
28040,909,2
28042,909,47
28043,909,3
28044,909,1
28048,909,9
28052,909,3
28054,909,1
28056,909,19
28057,909,1
28059,909,24
28060,909,27
28061,909,2
28066,909,1
28071,909,9
28073,909,5
28075,909,2
28078,909,1
28080,909,2
28082,909,54
28115,909,4
28129,909,3
28138,909,7
28159,909,5
28161,909,27
28170,909,4
28173,909,1
28177,909,10
28178,909,27
28182,909,2
28184,909,8
28194,909,2
28195,909,29
28210,909,4
28212,909,1
28215,909,1
28224,909,5
28229,909,20
28230,909,1
28248,909,2
28249,909,6
28250,909,1
28251,909,14
28254,909,7
28256,909,23
28257,909,7
28259,909,1
28260,909,4
28261,909,4
28263,909,1
28264,909,1
28266,909,1
28272,909,5
28277,909,1
28325,909,1
28331,909,4
28339,909,1
28349,909,1
28354,909,1
28356,909,2
28368,909,1
28388,909,11
28392,909,3
28426,909,2
28434,909,3
28436,909,1
28448,909,1
28464,909,18
28467,909,1
28482,909,1
28492,909,1
28501,909,1
28506,909,5
28508,909,2
28524,909,1
28540,909,3
28547,909,1
28552,909,1
28554,909,1
28571,909,1
28579,909,1
28586,909,2
28588,909,1
28598,909,4
28614,909,1
28627,909,4
28648,909,2
28692,909,1
28697,909,2
28714,909,1
28715,909,6
28734,909,3
28735,909,2
28738,909,1
28741,909,1
28848,909,1
28872,909,8
28873,909,7
28875,909,199
28888,909,1
28895,909,1
28898,909,8
28905,909,1
28958,909,1
28973,909,1
29009,909,2
29010,909,1
29021,909,1
29022,909,1
29046,909,1
29048,909,1
29051,909,7
29076,909,14
29085,909,5
29088,909,13
29089,909,3
29091,909,1
29093,909,1
29095,909,23
29099,909,3
29100,909,1
29101,909,1
29107,909,1
29111,909,1
29123,909,4
29132,909,3
29139,909,5
29141,909,6
29151,909,6
29154,909,1
29156,909,1
29161,909,1
29163,909,1
29173,909,1
29176,909,1
29181,909,1
29199,909,1
29201,909,1
29203,909,1
29211,909,1
29217,909,4
29224,909,1
29232,909,2
29247,909,1
29253,909,1
29266,909,1
29268,909,3
29272,909,3
29274,909,2
29293,909,1
29299,909,3
29305,909,7
29307,909,1
29308,909,1
29310,909,2
29311,909,3
29313,909,1
29314,909,4
29318,909,4
29321,909,2
29329,909,2
29330,909,11
29331,909,1
29335,909,13
29341,909,1
29342,909,4
29347,909,1
29351,909,1
29354,909,1
29358,909,1
29359,909,1
29362,909,1
29363,909,1
29365,909,2
29376,909,30
29380,909,8
29384,909,15
29387,909,3
29391,909,1
29394,909,17
29398,909,4
29400,909,2
29405,909,4
29408,909,3
29409,909,1
29412,909,1
29416,909,1
29420,909,1
29429,909,2
29448,909,1
29450,909,1
29463,909,2
29464,909,2
29468,909,1
29481,909,2
29486,909,1
29492,909,7
29499,909,1
29505,909,4
29509,909,3
29512,909,1
29513,909,30
29523,909,13
29527,909,1
29534,909,1
29536,909,369
29543,909,6
29550,909,1
29555,909,1
29562,909,3
29570,909,3
29571,909,4
29583,909,2
29585,909,2
29597,909,1
29600,909,1
29602,909,1
29605,909,1
29609,909,1
29621,909,44
29623,909,1
29624,909,2
29626,909,1
29630,909,3
29631,909,1
29632,909,2
29633,909,8
29643,909,1
29654,909,2
29667,909,1
29672,909,1
29675,909,13
29679,909,20
29683,909,3
29684,909,1
29690,909,1
29694,909,9
29697,909,82
29698,909,1
29706,909,1
29710,909,9
29715,909,2
29723,909,14
29725,909,2
29727,909,1
29735,909,3
29736,909,1
29737,909,2
29748,909,3
29762,909,6
29770,909,2
29776,909,7
29786,909,2
29797,909,1
29799,909,1
29802,909,1
29805,909,1
29814,909,1
29831,909,1
29833,909,1
29834,909,3
29840,909,1
29841,909,2
29842,909,8
29843,909,3
29893,909,1
29907,909,3
29960,909,2
30034,909,44
30035,909,6
30051,909,1
30061,909,1
30079,909,2
30098,909,1
30109,909,1
30123,909,1
30129,909,16
30146,909,3
30155,909,1
30195,909,1
30242,909,3
30246,909,1
30274,909,1
30282,909,2
30283,909,2
30286,909,1
30289,909,2
30294,909,8
30295,909,4
30305,909,1
30307,909,1
30309,909,2
30310,909,1
30313,909,1
30314,909,1
30317,909,29
30320,909,1
30321,909,1
30322,909,2
30327,909,129
30337,909,1
30338,909,2
30339,909,1
30342,909,3
30347,909,4
30350,909,1
30351,909,5
30360,909,3
30364,909,12
30372,909,3
30373,909,3
30379,909,1
30380,909,1
30382,909,17
30383,909,2
30386,909,160
30393,909,70
30396,909,4
30400,909,3
30408,909,3
30410,909,2
30413,909,1
30414,909,2
30419,909,1
30432,909,1
30433,909,1
30440,909,1
30442,909,1
30443,909,1
30501,909,1
30502,909,4
30503,909,1
30510,909,21
30512,909,2
30514,909,1
30516,909,14
30520,909,2
30521,909,2
30522,909,255
30526,909,20
30527,909,2
30539,909,10
30540,909,2
30541,909,1
30542,909,1
30543,909,4
30544,909,1
30546,909,14
30547,909,5
30553,909,2
30554,909,5
30556,909,2
30557,909,1
30560,909,8
30563,909,27
30571,909,23
30572,909,1
30575,909,1
30576,909,2
30578,909,96
30585,909,1
30588,909,7
30590,909,7
30594,909,4
30596,909,1
30597,909,8
30599,909,16
30600,909,2
30601,909,1
30605,909,11
30606,909,4
30608,909,6
30609,909,2
30610,909,1
30614,909,15
30615,909,1
30616,909,1
30617,909,78
30618,909,13
30622,909,8
30627,909,6
30628,909,1
30630,909,5
30633,909,3
30634,909,2
30636,909,2
30637,909,3
30638,909,3
30639,909,1
30641,909,1
30642,909,4
30644,909,2
30692,909,1
30726,909,2
30755,909,2
30756,909,4
30757,909,21
30758,909,4
30759,909,1
30760,909,10
30762,909,17
30763,909,2
30769,909,1
30771,909,7
30773,909,1
30775,909,4
30777,909,1
30778,909,1
30779,909,1
30781,909,1
30783,909,21
30784,909,1
30785,909,1
30787,909,73
30788,909,1
30789,909,12
30790,909,1
30791,909,2
30798,909,1
30805,909,2
30807,909,1
30820,909,1
30823,909,2
30845,909,1
30851,909,2
30863,909,2
30876,909,2
30878,909,1
30881,909,18
30882,909,1
30887,909,3
30897,909,16
30900,909,3
30904,909,10
30905,909,1
30915,909,1
30920,909,2
30928,909,1
30939,909,29
30943,909,1
30951,909,3
30956,909,1
30961,909,1
30962,909,2
30966,909,1
30967,909,1
30977,909,2
30982,909,3
30991,909,1
30993,909,4
30998,909,26
31006,909,3
31011,909,2
31013,909,4
31030,909,2
31031,909,6
31036,909,1
31039,909,16
31042,909,1
31046,909,1
31047,909,5
31049,909,1
31051,909,1
31052,909,31
31053,909,2
31058,909,11
31070,909,21
31079,909,1
31088,909,6
31094,909,2
31101,909,1
31102,909,1
31105,909,1
31111,909,3
31112,909,2
31114,909,1
31116,909,1
31117,909,1
31118,909,2
31124,909,6
31125,909,6
31138,909,12
31147,909,2
31149,909,14
31158,909,23
31162,909,1
31165,909,15
31172,909,1
31186,909,2
31187,909,1
31191,909,1
31193,909,1
31211,909,1
31243,909,1
31248,909,2
31253,909,5
31261,909,3
31278,909,3
31279,909,1
31282,909,6
31303,909,16
31313,909,1
31314,909,2
31321,909,11
31323,909,2
31326,909,2
31327,909,2
31330,909,7
31331,909,1
31332,909,2
31335,909,3
31336,909,5
31344,909,1
31348,909,7
31349,909,1
31355,909,3
31361,909,1
31369,909,5
31376,909,18
31382,909,31
31396,909,1
31399,909,8
31400,909,1
31407,909,1
31408,909,1
31414,909,113
31416,909,17
31417,909,1
31418,909,41
31419,909,5
31420,909,7
31422,909,2
31425,909,1
31429,909,1
31435,909,1
31438,909,1
31439,909,82
31442,909,2
31443,909,3
31455,909,1
31461,909,1
31464,909,17
31472,909,1
31478,909,1
31484,909,1
31486,909,1
31497,909,2
31504,909,2
31513,909,1
31517,909,1
31523,909,5
31529,909,2
31530,909,1
31531,909,3
31535,909,1
31547,909,1
31554,909,2
31556,909,23
31558,909,4
31559,909,1
31573,909,1
31575,909,8
31577,909,1
31578,909,1
31584,909,22
31589,909,1
31592,909,20
31593,909,5
31597,909,4
31599,909,6
31603,909,1
31604,909,9
31607,909,1
31609,909,1
31610,909,1
31615,909,1
31618,909,8
31619,909,1
31620,909,1
31622,909,1
31627,909,2
31628,909,2
31634,909,1
31636,909,1
31641,909,1
31643,909,3
31644,909,1
31646,909,2
31647,909,6
31648,909,1
31652,909,9
31653,909,6
31654,909,17
31655,909,33
31656,909,5
31658,909,2
31659,909,1
31660,909,1
31662,909,1
31668,909,1
31676,909,5
31677,909,1
31679,909,1
31683,909,69
31684,909,36
31685,909,1
31686,909,1
31691,909,1
31695,909,10
31697,909,3
31698,909,1
31699,909,29
31700,909,2
31701,909,2
31702,909,6
31703,909,1
31706,909,1
31708,909,1
31710,909,1
31712,909,139
31716,909,4
31718,909,24
31721,909,1
31729,909,12
31734,909,165
31739,909,84
31742,909,2
31748,909,2
31750,909,12
31751,909,1
31754,909,1
31755,909,1
31757,909,4
31763,909,3
31765,909,14
31766,909,12
31767,909,2
31773,909,2
31774,909,1
31778,909,12
31784,909,3
31799,909,1
31804,909,2
31808,909,1
31809,909,163
31817,909,3
31819,909,2
31822,909,2
31825,909,3
31826,909,1
31827,909,72
31828,909,1
31829,909,2
31831,909,13
31832,909,2
31837,909,1
31839,909,2
31841,909,1
31843,909,217
31852,909,24
31854,909,1
31864,909,19
31866,909,1
31868,909,127
31872,909,168
31873,909,1
31875,909,2
31883,909,1
31887,909,6
31888,909,2
31892,909,3
31893,909,1
31895,909,8
31901,909,16
31902,909,1
31903,909,16
31904,909,18
31905,909,4
31907,909,1
31910,909,1
31912,909,4
31913,909,1
31915,909,1
31917,909,30
31921,909,9
31923,909,2
31930,909,1
31932,909,1
31933,909,2
31934,909,2
31939,909,1
31941,909,1
31950,909,1
31953,909,3
31955,909,1
31967,909,8
31979,909,1
31990,909,1
31995,909,1
32004,909,3
32005,909,1
32015,909,4
32051,909,3
32054,909,5
32056,909,1
32057,909,2
32059,909,21
32060,909,9
32061,909,3
32062,909,1
32068,909,666
32069,909,2
32070,909,5
32071,909,1
32072,909,1
32073,909,9
32074,909,1
32077,909,7
32078,909,88
32079,909,21
32083,909,1
32084,909,15
32085,909,2
32086,909,13
32089,909,1
32091,909,1
32095,909,7
32096,909,89
32099,909,5
32100,909,15
32101,909,6
32103,909,23
32104,909,19
32106,909,2
32108,909,1
32110,909,3
32111,909,31
32113,909,10
32114,909,6
32116,909,13
32117,909,33
32120,909,30
32126,909,22
32130,909,3
32131,909,1
32132,909,3
32133,909,39
32134,909,1
32138,909,1
32140,909,2
32141,909,27
32142,909,1
32143,909,28
32144,909,1
32147,909,1
32149,909,3
32150,909,30
32152,909,40
32154,909,1
32156,909,8
32157,909,117
32158,909,5
32160,909,11
32161,909,2
32162,909,268
32163,909,4
32165,909,35
32166,909,103
32167,909,22
32168,909,6
32169,909,18
32170,909,4
32171,909,7
32174,909,30
32176,909,3
32179,909,7
32180,909,4
32181,909,4
32182,909,1
32183,909,1
32184,909,2
32185,909,6
32187,909,2
32188,909,13
32189,909,1
32190,909,1
32191,909,1
32192,909,17
32194,909,1
32195,909,1
32199,909,35
32206,909,117
32207,909,6
32208,909,1
32213,909,1
32221,909,1
32226,909,1
32239,909,1
32243,909,1
32245,909,114
32255,909,3
32256,909,27
32258,909,1
32261,909,1
32263,909,368
32265,909,25
32266,909,5
32267,909,1
32269,909,1
32271,909,3
32272,909,1
32273,909,6
32274,909,1
32275,909,2
32277,909,1
32287,909,1
32288,909,6
32289,909,62
32292,909,1
32295,909,4
32298,909,6
32306,909,3
32307,909,2
32309,909,15
32312,909,1
32314,909,2
32316,909,1
32319,909,1
32323,909,1
32325,909,3
32326,909,2
32332,909,1
32334,909,4
32352,909,332
32353,909,7
32354,909,1
32355,909,61
32357,909,44
32358,909,27
32359,909,18
32361,909,4
32363,909,1
32364,909,5
32365,909,462
32366,909,7
32367,909,31
32368,909,10
32369,909,59
32371,909,208
32372,909,1
32373,909,4
32374,909,26
32375,909,25
32376,909,470
32377,909,5
32378,909,6
32380,909,70
32381,909,6
32382,909,1
32383,909,393
32387,909,1
32391,909,95
32392,909,31
32393,909,4
32395,909,3
32396,909,16
32397,909,15
32399,909,65
32400,909,42
32401,909,1
32402,909,7
32403,909,1
32404,909,6
32405,909,37
32406,909,2552
32407,909,2
32408,909,29
32409,909,9
32411,909,22
32412,909,38
32414,909,1
32415,909,30
32416,909,1
32418,909,3
32419,909,1
32421,909,1
32423,909,80
32424,909,6
32426,909,1
32427,909,7
32428,909,9
32429,909,29
32430,909,127
32431,909,6
32435,909,2
32437,909,43
32439,909,4
32440,909,1
32441,909,48
32442,909,26
32443,909,56
32446,909,1
32447,909,11
32449,909,4
32450,909,4
32451,909,35
32452,909,1
32453,909,996
32454,909,1
32455,909,7
32456,909,1
32457,909,19
32459,909,269
32460,909,150
32462,909,33
32463,909,18
32464,909,3
32465,909,35
32469,909,11
32470,909,187
32472,909,511
32473,909,86
32474,909,10
32475,909,3
32476,909,3
32477,909,20
32478,909,2
32479,909,2
32480,909,17
32481,909,7
32482,909,7
32484,909,209
32485,909,1
32488,909,31
32490,909,74
32491,909,37
32492,909,7
32493,909,77
32495,909,8
32496,909,29
32498,909,86
32500,909,52
32533,909,5
32534,909,1
32540,909,17
32543,909,3
32545,909,1
32546,909,62
32547,909,6
32551,909,3
32553,909,5
32561,909,1
32562,909,2
32563,909,37
32566,909,1
32568,909,1
32569,909,2
32574,909,6
32576,909,1
32578,909,6
32579,909,3
32580,909,10
32582,909,4
32587,909,3
32592,909,2
32593,909,2
32594,909,2
32600,909,2
32602,909,4
32603,909,15
32604,909,5
32605,909,5
32608,909,3
32610,909,4
32611,909,2
32612,909,19
32613,909,24
32614,909,7
32616,909,1
32617,909,1
32618,909,1
32621,909,2
32624,909,3
32630,909,1
32633,909,1
32635,909,4
32636,909,1
32643,909,1
32644,909,1
32651,909,5
32653,909,1
32656,909,1
32658,909,1
32659,909,2
32660,909,117
32665,909,3
32666,909,3
32667,909,7
32673,909,2
32675,909,1
32677,909,1
32678,909,3
32681,909,1
32682,909,1
32684,909,1
32685,909,2
32690,909,4
32691,909,1
32692,909,1
32693,909,1
32694,909,3
32695,909,3
32698,909,2
32701,909,1
32702,909,1
32709,909,2
32711,909,3
32717,909,3
32719,909,1
32720,909,2
32723,909,14
32726,909,1
32728,909,68
32729,909,1
32730,909,2
32731,909,3
32732,909,3
32734,909,1
32735,909,1
32736,909,1
32739,909,3
32743,909,2
32747,909,1
32748,909,1
32750,909,1
32751,909,1
32754,909,1
32755,909,2
32758,909,3
32760,909,730
32761,909,2
32762,909,7
32763,909,2
32764,909,2
32765,909,1
32767,909,21
32768,909,3
32770,909,88
32771,909,1
32772,909,19
32773,909,12
32774,909,7
32775,909,2396
32776,909,10
32777,909,1
32778,909,173
32779,909,38
32780,909,6
32781,909,1
32782,909,3
32783,909,1
32784,909,22
32785,909,6
32786,909,46
32787,909,9
32788,909,17
32789,909,10
32790,909,1856
32791,909,1
32792,909,1
32793,909,2
32794,909,26
32795,909,8
32796,909,1
32797,909,1
32798,909,2
32799,909,2
32801,909,1
32802,909,1
32803,909,1
32804,909,170
32805,909,2
32806,909,1
32808,909,1038
32809,909,1
32810,909,97
32811,909,8
32812,909,1
32813,909,8
32814,909,1
32815,909,1
32817,909,2
32819,909,138
32820,909,21
32822,909,1
32823,909,99
32824,909,8
32825,909,1
32826,909,53
32827,909,1
32828,909,5
32829,909,1
32830,909,1
32831,909,2
32832,909,17
32833,909,3
32834,909,53
32835,909,260
32836,909,9
32837,909,2
32838,909,8
32841,909,2
32842,909,24
32843,909,4
32844,909,11
32845,909,2
32846,909,44
32847,909,1
32849,909,64
32850,909,3
32851,909,14
32852,909,6
32856,909,3
32858,909,2
32859,909,10
32866,909,2
32870,909,16
32872,909,7
32874,909,5
32875,909,3
32883,909,1
32892,909,2
32896,909,2
32897,909,3
32900,909,17
32901,909,10
32906,909,7
32911,909,1
32912,909,3
32916,909,1
32931,909,109
32932,909,4
32933,909,85
32934,909,68
32936,909,2
32937,909,898
32938,909,28
32939,909,10
32940,909,45
32941,909,2
32943,909,190
32944,909,9
32945,909,15
32946,909,74
32947,909,8
32948,909,137
32949,909,31
32950,909,12
32952,909,120
32953,909,193
32954,909,7
32955,909,1
32956,909,74
32957,909,91
32958,909,9346
32959,909,30
32960,909,2
32961,909,138
32962,909,15
32963,909,3681
32964,909,567
32965,909,8
32966,909,5
32967,909,94
32968,909,40
32969,909,202
32970,909,59
32971,909,428
32972,909,2
32973,909,98
32974,909,156
32975,909,98
32976,909,473
32977,909,22
32978,909,21
32979,909,1
32980,909,3
32981,909,1
32983,909,80
32984,909,1
32985,909,10
32986,909,137
32987,909,1
32988,909,21
32989,909,5
32990,909,108
32991,909,29
32992,909,3
32993,909,67
32994,909,2
32995,909,2
32996,909,12
32997,909,4
32998,909,7
32999,909,2
33000,909,1000
33001,909,4
33002,909,1
33003,909,2
33004,909,292
33005,909,1
33006,909,1
33008,909,2888
33009,909,1
33010,909,1
33011,909,2
33012,909,2
33013,909,2
33014,909,8
33015,909,2692
33016,909,15
33017,909,1
33018,909,147
33020,909,47
33021,909,2
33022,909,41
33024,909,3
33025,909,5
33026,909,2
33027,909,5
33028,909,1
33029,909,1
33032,909,37
33036,909,15
33037,909,1
33039,909,223
33040,909,882
33041,909,9
33042,909,3
33043,909,38
33044,909,1
33045,909,37
33046,909,149
33047,909,19
33048,909,1591
33049,909,26
33050,909,414
33051,909,60
33052,909,1
33054,909,1
33055,909,19
33056,909,75
33057,909,1
33058,909,160
33059,909,64
33060,909,520
33061,909,30
33062,909,8
33063,909,2
33064,909,11
33065,909,141
33066,909,1
33067,909,4
33068,909,157
33071,909,105
33072,909,7
33073,909,165
33074,909,37
33075,909,184
33076,909,8
33077,909,1
33078,909,24
33079,909,1
33080,909,42
33081,909,14
33083,909,114
33084,909,1
33086,909,91
33088,909,1
33090,909,7
33093,909,107
33094,909,9
33095,909,3
33096,909,1
33097,909,1
33099,909,3
33101,909,2
33102,909,44
33103,909,8
33104,909,22
33105,909,7
33106,909,12
33107,909,37
33108,909,6
33111,909,43
33112,909,11
33113,909,3204
33114,909,3
33115,909,2
33116,909,20
33117,909,42
33118,909,78
33119,909,17
33120,909,58
33122,909,3
33123,909,1
33124,909,7
33125,909,2
33126,909,14
33128,909,3
33129,909,5
33130,909,4
33131,909,1509
33132,909,4
33133,909,2
33134,909,1
33135,909,25
33136,909,71
33137,909,28
33138,909,1
33139,909,29
33140,909,92
33141,909,6
33142,909,19
33143,909,7
33144,909,4
33146,909,11
33147,909,11
33148,909,1
33149,909,16
33150,909,29
33152,909,2
33153,909,163
33154,909,1
33156,909,134
33159,909,19
33160,909,4
33164,909,994
33165,909,2
33167,909,3
33168,909,3
33169,909,4
33170,909,7
33171,909,1061
33172,909,3
33174,909,11
33175,909,2
33177,909,8
33178,909,1
33179,909,1
33180,909,132
33181,909,5
33183,909,137
33184,909,3
33185,909,1
33186,909,2
33189,909,19
33190,909,151
33191,909,2
33192,909,57
33193,909,56
33194,909,11
33196,909,1
33198,909,388
33199,909,1
33200,909,2
33201,909,33
33202,909,32
33203,909,88
33204,909,5
33206,909,10
33207,909,33
33208,909,142
33209,909,49
33210,909,288
33211,909,206
33212,909,41
33213,909,2
33214,909,5
33215,909,149
33217,909,9
33218,909,1
33219,909,4
33220,909,68
33221,909,21
33223,909,24
33225,909,5
33226,909,51
33227,909,177
33230,909,30
33231,909,58
33232,909,29
33233,909,15
33235,909,55
33236,909,85
33237,909,1
33238,909,32
33274,909,1
33293,909,2
33296,909,1
33302,909,1
33303,909,3
33306,909,14
33308,909,10
33309,909,7
33314,909,1
33317,909,1
33318,909,1
33323,909,1
33325,909,1
33326,909,5
33329,909,1
33343,909,1
33349,909,20
33353,909,4
33355,909,4
33360,909,4
33361,909,9
33363,909,1
33364,909,141
33367,909,13
33369,909,17
33377,909,4
33378,909,2
33379,909,2
33380,909,5
33381,909,5
33388,909,17
33389,909,10
33390,909,5
33393,909,22
33396,909,14
33403,909,1
33404,909,2
33408,909,2
33410,909,1
33437,909,1
33438,909,5
33440,909,10
33442,909,1
33443,909,4
33448,909,54
33450,909,3
33451,909,3
33453,909,1
33454,909,3
33456,909,1
33457,909,45
33458,909,16
33463,909,120
33472,909,50
33473,909,5
33476,909,1
33479,909,1
33480,909,1
33481,909,15
33483,909,2
33484,909,1
33486,909,13
33489,909,1
33490,909,2
33493,909,44
33498,909,9
33503,909,31
33504,909,77
33509,909,2
33511,909,1
33512,909,2
33514,909,2
33518,909,1
33520,909,2
33522,909,2
33523,909,7
33525,909,6
33526,909,42
33527,909,4
33529,909,16
33531,909,3
33532,909,2
33533,909,2
33534,909,10
33535,909,32
33537,909,40
33539,909,35
33542,909,2
33543,909,6
33545,909,4
33547,909,10
33550,909,1
33551,909,17
33555,909,1
33556,909,43
33558,909,2
33559,909,1
33561,909,9
33579,909,2
33582,909,1
33583,909,3
33584,909,6
33586,909,1
33590,909,14
33591,909,1
33592,909,2
33594,909,2
33596,909,69
33597,909,1
33599,909,1
33600,909,1
33601,909,80
33604,909,7
33605,909,11
33606,909,2
33607,909,5
33611,909,1
33613,909,2
33615,909,1
33616,909,1
33617,909,30
33618,909,1
33622,909,8
33625,909,1
33626,909,1
33628,909,176
33629,909,4
33631,909,25
33639,909,1
33644,909,35
33651,909,111
33655,909,3
33657,909,1
33661,909,3
33663,909,74
33664,909,5
33665,909,1
33668,909,15
33672,909,4
33674,909,2
33676,909,30
33677,909,2
33679,909,38
33680,909,43
33681,909,4
33686,909,1
33688,909,1
33689,909,1
33691,909,15
33692,909,1
33693,909,8
33695,909,4
33698,909,2
33699,909,3
33701,909,85
33707,909,1
33722,909,1
33726,909,7
33728,909,1
33729,909,1
33737,909,5
33746,909,12
33764,909,2
33766,909,12
33774,909,2
33777,909,1
33780,909,4
33781,909,12
33783,909,1
33785,909,3
33793,909,1
33794,909,12
33805,909,2
33813,909,2
33816,909,9
33825,909,1
33826,909,3
33828,909,6
33830,909,3
33831,909,10
33832,909,3
33833,909,1
33834,909,2
33835,909,2
33843,909,2
33865,909,2
33881,909,1
33889,909,1
33900,909,5
33902,909,1
33917,909,1
33923,909,2
33925,909,1
33946,909,20
33948,909,1
33953,909,1
33977,909,1
33998,909,1
34030,909,1
34040,909,4
34041,909,1
34042,909,13
34043,909,1
34047,909,1
34048,909,1
34049,909,6
34052,909,1
34053,909,1
34057,909,7
34062,909,7
34063,909,1
34064,909,3
34065,909,1
34066,909,2
34068,909,2
34069,909,1
34071,909,19
34073,909,1
34074,909,2
34076,909,41
34084,909,11
34086,909,1
34087,909,3
34088,909,1
34091,909,4
34092,909,1
34093,909,3
34094,909,1
34096,909,1
34097,909,8
34100,909,1
34102,909,7
34104,909,18
34105,909,173
34107,909,6
34109,909,1
34110,909,6
34112,909,1
34115,909,1
34116,909,6
34117,909,1
34118,909,6
34122,909,4
34123,909,7
34126,909,3
34128,909,84
34130,909,47
34131,909,8
34133,909,23
34136,909,3
34138,909,25
34141,909,6
34142,909,3
34143,909,1
34144,909,4
34145,909,1
34146,909,3
34150,909,1
34152,909,8
34153,909,2
34154,909,1
34155,909,3
34156,909,2
34157,909,4
34182,909,5
34183,909,40
34184,909,6
34185,909,64
34186,909,23
34187,909,12
34188,909,3
34189,909,3
34191,909,3
34192,909,1
34193,909,2
34194,909,16
34196,909,10
34197,909,6
34200,909,139
34201,909,19
34204,909,17
34205,909,1
34206,909,27
34207,909,5
34208,909,3
34209,909,12
34210,909,233
34211,909,3
34212,909,132
34216,909,1
34218,909,2
34220,909,1
34221,909,1
34222,909,111
34223,909,8
34224,909,8
34227,909,1
34230,909,80
34232,909,28
34234,909,31
34236,909,3
34237,909,613
34238,909,3
34239,909,3
34241,909,12
34242,909,4
34243,909,1
34245,909,3
34246,909,29
34247,909,1
34249,909,4
34250,909,1
34251,909,1
34252,909,1
34253,909,83
34254,909,1
34255,909,1
34257,909,1
34258,909,2
34259,909,10
34260,909,2
34261,909,22
34262,909,2
34263,909,3
34265,909,2
34266,909,6
34268,909,2
34276,909,9
34282,909,148
34283,909,11
34285,909,1
34288,909,207
34289,909,28
34291,909,8
34294,909,1
34295,909,1
34297,909,27
34298,909,36
34300,909,28
34301,909,1
34302,909,94
34303,909,108
34304,909,1
34307,909,10
34308,909,1
34310,909,8
34312,909,30
34314,909,1
34315,909,6
34316,909,49
34318,909,1
34321,909,25
34324,909,14
34327,909,2
34328,909,1
34330,909,1
34332,909,1
34333,909,1
34334,909,1
34335,909,2
34344,909,2
34345,909,1
34348,909,1
34352,909,2
34353,909,1
34354,909,4
34358,909,11
34359,909,1
34365,909,1
34367,909,1
34369,909,5
34378,909,1
34383,909,95
34384,909,79
34386,909,2277
34394,909,2
34396,909,1
34397,909,1
34399,909,11
34401,909,1
34402,909,3
34405,909,3
34406,909,12
34407,909,4
34408,909,3
34409,909,90
34411,909,1
34412,909,3
34416,909,9
34417,909,1
34420,909,2
34421,909,2
34423,909,1
34424,909,3
34428,909,1
34431,909,3
34434,909,1
34435,909,1
34436,909,2
34438,909,1
34439,909,1
34440,909,3
34441,909,4
34444,909,55
34445,909,33
34452,909,1
34455,909,2
34457,909,1
34459,909,35
34460,909,13
34463,909,7
34464,909,6
34467,909,1
34469,909,9
34470,909,1
34471,909,6
34472,909,1
34473,909,2
34479,909,12
34481,909,1
34489,909,10
34490,909,6
34493,909,35
34494,909,1
34496,909,21
34497,909,1
34500,909,161
34505,909,4
34508,909,2
34511,909,3
34517,909,1
34519,909,2
34521,909,1
34526,909,2
34528,909,2
34530,909,9
34532,909,4
34534,909,63
34536,909,2
34538,909,1
34539,909,1
34540,909,1
34544,909,25
34545,909,1
34546,909,1
34547,909,60
34548,909,15
34549,909,1
34550,909,7
34553,909,4
34555,909,105
34558,909,1
34559,909,13
34560,909,3
34561,909,3
34565,909,1
34567,909,3
34568,909,1
34569,909,1
34571,909,5
34574,909,1
34577,909,1
34578,909,1
34583,909,19
34585,909,1
34587,909,2
34592,909,15
34599,909,22
34601,909,30
34602,909,2
34603,909,1
34604,909,2
34608,909,2
34609,909,2
34611,909,26
34612,909,1
34613,909,1
34614,909,3
34616,909,3
34618,909,2
34622,909,3
34623,909,1
34624,909,3
34627,909,2
34629,909,1
34634,909,4
34635,909,1
34636,909,1
34637,909,3
34638,909,1
34639,909,1
34640,909,2
34641,909,1
34642,909,6
34651,909,1
34663,909,2
34669,909,669
34670,909,2
34671,909,412
34672,909,10
34673,909,436
34674,909,72
34675,909,14
34676,909,5
34677,909,2
34678,909,1
34680,909,2
34682,909,3
34683,909,421
34685,909,31
34686,909,6
34689,909,55
34690,909,26
34693,909,15
34694,909,2065
34695,909,53
34696,909,4
34698,909,4
34699,909,11
34700,909,140
34701,909,6
34702,909,508
34704,909,1
34706,909,3
34707,909,1
34708,909,6
34709,909,2
34710,909,3
34711,909,12
34712,909,88
34713,909,880
34714,909,5
34715,909,1
34716,909,2
34717,909,1
34719,909,46
34720,909,2
34721,909,17
34723,909,14
34725,909,25
34726,909,26
34727,909,1
34728,909,26
34729,909,1
34730,909,1
34731,909,214
34732,909,4
34734,909,2
34735,909,408
34736,909,1
34739,909,4
34740,909,1
34743,909,70
34744,909,1
34747,909,1
34748,909,2
34749,909,508
34750,909,24
34751,909,10
34752,909,1
34753,909,4
34755,909,8
34757,909,10
34759,909,1
34760,909,88
34761,909,3
34764,909,3
34768,909,12
34773,909,4
34775,909,72
34776,909,246
34779,909,137
34781,909,1306
34782,909,45
34783,909,5
34784,909,171
34785,909,1
34786,909,1376
34787,909,51
34790,909,1042
34791,909,130
34792,909,133
34793,909,1
34794,909,76
34795,909,3
34796,909,124
34797,909,15
34799,909,4
34801,909,35
34802,909,1
34804,909,36
34805,909,1
34806,909,19
34807,909,1
34808,909,2
34809,909,7
34810,909,7
34812,909,1
34813,909,1
34814,909,2
34815,909,15
34818,909,7
34819,909,2
34821,909,46
34825,909,1
34829,909,1
34832,909,4
34833,909,3
34834,909,2
34848,909,1
34850,909,4
34858,909,1
34860,909,1
34866,909,7
34870,909,1
34871,909,16
34873,909,1
34874,909,2
34876,909,5
34877,909,7
34879,909,2
34880,909,9
34884,909,9
34887,909,5
34894,909,5
34895,909,24
34896,909,1
34897,909,29
34902,909,2
34903,909,9
34907,909,1
34910,909,1
34911,909,2
34914,909,3
34915,909,1
34918,909,2
34919,909,3
34921,909,3
34924,909,1
34927,909,66
34930,909,18
34933,909,33
34935,909,1
34936,909,6
34940,909,2
34941,909,1
34942,909,38
34943,909,1
34945,909,8
34946,909,4
34950,909,1
34951,909,9
34953,909,1
34954,909,6
34955,909,1
34958,909,1
34961,909,2
34963,909,1
34964,909,1
34971,909,1
34975,909,2
34981,909,1
34989,909,1
34992,909,4
34999,909,2
35006,909,2
35018,909,1
35024,909,1
35028,909,1
35029,909,1
35042,909,1
35045,909,1
35049,909,4
35056,909,1
35059,909,2
35061,909,1
35063,909,15
35068,909,7
35076,909,191
35078,909,3
35083,909,1
35088,909,1
35092,909,1
35093,909,1
35097,909,1
35099,909,1
35106,909,1
35108,909,1
35117,909,16
35119,909,1
35123,909,1
35125,909,1
35126,909,3
35138,909,1
35140,909,5
35141,909,1
35142,909,2
35143,909,12
35145,909,3
35146,909,1
35147,909,11
35148,909,1
35149,909,2
35150,909,141
35152,909,2
35153,909,5
35154,909,210
35155,909,2
35156,909,1
35157,909,35
35158,909,8
35159,909,1
35160,909,1
35161,909,5
35162,909,1
35163,909,9
35164,909,2
35165,909,4
35166,909,1
35167,909,95
35168,909,1
35169,909,3
35170,909,860
35171,909,8
35172,909,4
35173,909,1
35174,909,1
35175,909,1
35176,909,1
35177,909,14
35178,909,1
35179,909,92
35181,909,26
35182,909,3
35183,909,1
35184,909,1
35185,909,1
35186,909,152
35187,909,3
35188,909,21
35189,909,10
35190,909,3
35191,909,4
35192,909,1
35193,909,1
35194,909,31
35195,909,7
35196,909,17
35197,909,2
35198,909,5
35199,909,4
35200,909,1
35201,909,2
35202,909,3
35203,909,2
35204,909,5
35205,909,35
35206,909,3
35207,909,1
35211,909,2
35212,909,1
35218,909,34
35222,909,2
35225,909,15
35226,909,3
35229,909,1
35230,909,1
35231,909,45
35240,909,1
35241,909,14
35246,909,1
35247,909,1
35252,909,7
35253,909,4
35256,909,5
35257,909,1
35258,909,4
35260,909,1
35263,909,5
35264,909,3
35269,909,1
35270,909,1
35275,909,1
35276,909,3
35277,909,6
35278,909,6
35279,909,20
35282,909,1
35285,909,6
35286,909,14
35287,909,47
35288,909,21
35290,909,1
35291,909,2
35292,909,1
35295,909,1
35299,909,1
35306,909,1
35308,909,3
35309,909,1
35341,909,7
35342,909,1
35347,909,27
35349,909,18
35350,909,3
35351,909,6
35352,909,21
35353,909,3
35356,909,1
35357,909,111
35358,909,6
35359,909,1
35360,909,4
35361,909,2
35363,909,11
35364,909,57
35365,909,81
35366,909,2
35367,909,8
35368,909,1
35369,909,22
35370,909,5
35371,909,269
35372,909,1
35374,909,2
35375,909,1
35376,909,4
35377,909,1
35378,909,2
35379,909,33
35380,909,43
35381,909,1
35385,909,4
35387,909,3
35388,909,1
35389,909,5
35390,909,5
35391,909,34
35392,909,1
35393,909,6
35395,909,1
35396,909,1
35397,909,1
35398,909,4
35402,909,450
35405,909,103
35406,909,4
35408,909,7
35409,909,1
35410,909,2
35412,909,19
35415,909,2
35416,909,20
35417,909,683
35418,909,1
35419,909,12
35420,909,297
35421,909,6
35422,909,31
35423,909,1
35425,909,156
35428,909,302
35429,909,130
35431,909,20
35432,909,1
35433,909,15
35434,909,11
35436,909,2
35438,909,1
35439,909,6
35440,909,1
35442,909,30
35446,909,1
35447,909,130
35449,909,3
35450,909,2
35454,909,3
35456,909,2
35458,909,1
35459,909,1
35460,909,25
35466,909,5
35467,909,2
35500,909,1
35523,909,1
35526,909,1
35528,909,1
35530,909,2
35531,909,1
35533,909,1
35534,909,1
35536,909,27
35537,909,1
35538,909,1
35539,909,2
35542,909,123
35547,909,2
35548,909,1
35550,909,2
35554,909,4
35556,909,1
35557,909,5
35559,909,2
35560,909,12
35565,909,3
35566,909,3
35569,909,1
35570,909,1
35572,909,16
35573,909,2
35575,909,153
35579,909,66
35581,909,4
35584,909,3
35587,909,3
35588,909,2
35589,909,1
35590,909,2
35594,909,1
35603,909,1
35604,909,1
35609,909,2
35610,909,1
35611,909,2
35654,909,1
35669,909,3
35674,909,5
35675,909,27
35676,909,9
35678,909,2
35682,909,2
35683,909,157
35684,909,3
35685,909,12
35686,909,2
35687,909,5
35689,909,102
35690,909,1
35693,909,11
35694,909,14
35695,909,1869
35697,909,1
35699,909,149
35700,909,17
35701,909,4
35702,909,2
35706,909,2
35708,909,3
35709,909,1
35710,909,1
35711,909,1
35712,909,73
35713,909,14
35714,909,6
35715,909,10
35716,909,27
35717,909,11
35719,909,99
35720,909,35
35722,909,1
35723,909,2
35724,909,1
35726,909,16
35727,909,37
35729,909,17
35730,909,11
35732,909,1
35733,909,62
35736,909,198
35739,909,2
35744,909,169
35745,909,9
35747,909,1
35748,909,10
35749,909,15
35750,909,1
35751,909,703
35752,909,1
35758,909,5
35761,909,50
35762,909,2
35763,909,52
35764,909,1
35766,909,1
35767,909,26
35768,909,1
35769,909,9
35770,909,58
35771,909,1
35772,909,119
35773,909,16
35774,909,6
35776,909,3
35778,909,82
35779,909,32
35781,909,46
35782,909,16
35783,909,6
35784,909,1
35787,909,108
35788,909,4
35789,909,4
35790,909,573
35791,909,96
35792,909,1
35793,909,2
35794,909,2
35795,909,57
35797,909,2
35798,909,3
35799,909,2
35800,909,42
35801,909,8
35803,909,40
35804,909,2
35805,909,1
35806,909,23
35807,909,14
35808,909,1
35809,909,15
35810,909,22
35811,909,21
35812,909,7
35814,909,6
35815,909,32
35817,909,16
35829,909,1
35854,909,2
35880,909,4
35889,909,1
35908,909,3
35909,909,1
35915,909,7
35917,909,2
35920,909,1
35921,909,1
35924,909,1
35925,909,1
35926,909,1
35928,909,1
35929,909,1
35930,909,2
35933,909,7
35938,909,2
35941,909,1
35950,909,2
35956,909,7
35962,909,12
35963,909,1
35965,909,1
35977,909,10
35978,909,1
35984,909,1
35986,909,1
35992,909,11
35994,909,3
35995,909,1
35997,909,86
35998,909,6
36001,909,1
36004,909,16
36015,909,75
36022,909,38
36025,909,1
36026,909,1
36030,909,4
36035,909,1
36038,909,1
36039,909,3
36041,909,1
36042,909,1
36050,909,3
36053,909,3
36060,909,1
36061,909,5
36064,909,34
36068,909,4
36072,909,2
36074,909,5
36085,909,3
36086,909,8
36089,909,1
36092,909,21
36095,909,1
36098,909,1
36099,909,7
36101,909,1
36102,909,1
36103,909,1
36104,909,41
36105,909,2
36109,909,15
36119,909,28
36121,909,1
36126,909,2
36130,909,9
36131,909,1
36132,909,1
36134,909,2
36135,909,1
36138,909,5
36139,909,63
36142,909,2
36145,909,23
36153,909,14
36154,909,14
36155,909,1
36156,909,4
36158,909,7
36161,909,1
36163,909,2
36164,909,34
36165,909,26
36167,909,7
36170,909,11
36172,909,8
36173,909,21
36179,909,65
36180,909,64
36183,909,1
36185,909,1
36188,909,2
36189,909,3
36190,909,2
36191,909,2
36194,909,125
36197,909,2
36198,909,4
36199,909,1
36200,909,4
36201,909,5
36202,909,5
36203,909,27
36204,909,1
36205,909,146
36212,909,1
36213,909,3
36214,909,249
36217,909,2
36218,909,5
36220,909,4
36221,909,161
36222,909,2
36223,909,2
36224,909,1
36233,909,34
36237,909,1
36246,909,95
36247,909,321
36248,909,6
36249,909,1
36252,909,1
36254,909,1
36257,909,439
36266,909,4
36283,909,6
36290,909,25
36291,909,1
36292,909,1
36304,909,1
36307,909,3
36314,909,4
36316,909,5
36318,909,3
36322,909,1
36329,909,1
36331,909,2
36334,909,1
36342,909,3
36345,909,1
36347,909,2
36348,909,1
36349,909,5
36354,909,15
36358,909,1
36359,909,35
36362,909,1
36368,909,26
36373,909,1
36375,909,1
36380,909,1
36386,909,21
36387,909,6
36390,909,44
36391,909,1
36393,909,1
36395,909,2
36398,909,1
36402,909,2
36407,909,1
36411,909,122
36413,909,1
36414,909,1
36420,909,1
36421,909,1
36428,909,4
36430,909,1
36433,909,1
36434,909,1
36436,909,3
36438,909,1
36441,909,1
36442,909,2
36453,909,3
36460,909,1
36473,909,2
36478,909,7
36484,909,12
36499,909,3
36512,909,46
36514,909,7
36516,909,16
36517,909,2
36518,909,3
36520,909,1
36536,909,33
36539,909,1
36540,909,11
36545,909,2
36546,909,1
36549,909,1
36551,909,5
36553,909,1
36554,909,1
36556,909,1
36557,909,2
36560,909,70
36564,909,1
36565,909,1
36568,909,2
36573,909,3
36576,909,2
36578,909,1
36579,909,2
36581,909,2
36590,909,1
36591,909,7
36598,909,9
36607,909,3
36609,909,1
36611,909,4
36612,909,2
36616,909,1
36617,909,20
36620,909,1
36621,909,1
36622,909,1
36623,909,7
36624,909,3
36625,909,10
36626,909,1
36627,909,1
36628,909,1
36629,909,6
36634,909,2
36637,909,1
36638,909,1
36641,909,6
36644,909,1
36648,909,6
36650,909,91
36652,909,1
36731,909,6
36739,909,1
36752,909,1
36788,909,1
36792,909,2
36795,909,1
36875,909,7
36904,909,1
36906,909,4
37084,909,2
37130,909,1
37138,909,1
37149,909,1
37176,909,1
37341,909,1
37620,909,4
37621,909,3
37622,909,4
37623,909,13
37636,909,1
37654,909,1
37676,909,1
37682,909,2
37695,909,1
37709,909,2
37714,909,13
37715,909,1
37721,909,2
37732,909,11
37734,909,1
37779,909,1
37857,909,1
37869,909,1
37887,909,3
37893,909,2
37948,909,1
37967,909,29
37968,909,15
37969,909,1
37975,909,1
37980,909,4
37982,909,1
37984,909,12
37986,909,1
37987,909,1
37988,909,2
37989,909,1
37995,909,1
37999,909,58
38004,909,2
38006,909,10
38017,909,5
38022,909,68
38028,909,35
38031,909,1
38037,909,1
38040,909,5
38045,909,1
38048,909,2
38054,909,1
38056,909,6
38057,909,5
38058,909,1
38065,909,1
38070,909,5
38076,909,1
38092,909,1
38093,909,159
38102,909,3
38104,909,2
38107,909,2
38111,909,3
38112,909,1
38113,909,71
38114,909,1
38116,909,2
38118,909,13
38119,909,2
38124,909,1
38126,909,2
38129,909,1
38131,909,211
38140,909,23
38142,909,1
38153,909,19
38156,909,1
38160,909,124
38166,909,164
38167,909,1
38169,909,2
38179,909,1
38184,909,6
38185,909,2
38190,909,3
38191,909,1
38193,909,8
38200,909,15
38201,909,1
38202,909,15
38203,909,17
38204,909,4
38206,909,1
38209,909,1
38212,909,4
38214,909,1
38216,909,1
38218,909,29
38225,909,9
38227,909,2
38233,909,1
38238,909,1
38246,909,2
38249,909,4
38251,909,9
38253,909,8
38268,909,1
38269,909,2
38271,909,5
38273,909,1
38284,909,1
38286,909,1
38288,909,2
38290,909,1
38291,909,1
38292,909,1
38305,909,1
38308,909,11
38309,909,1
38312,909,1
38323,909,1
38324,909,1
38331,909,39
38339,909,5
38340,909,1
38345,909,1
38347,909,1
38357,909,5
38360,909,1
38363,909,1
38364,909,1
38370,909,2
38372,909,1
38375,909,1
38376,909,2
38379,909,2
38384,909,1
38391,909,2
38398,909,2
38400,909,2
38407,909,2
38409,909,2
38414,909,7
38417,909,1
38419,909,16
38421,909,2
38422,909,6
38423,909,1
38425,909,1
38430,909,2
38443,909,1
38447,909,1
38451,909,4
38452,909,5
38456,909,4
38460,909,1
38462,909,1
38463,909,1
38465,909,271
38466,909,1
38468,909,1
38469,909,1
38471,909,1
38473,909,907
38474,909,46
38475,909,9
38477,909,2
38478,909,1
38479,909,2
38480,909,1
38481,909,5
38482,909,1
38483,909,2
38485,909,2
38489,909,1
38490,909,1
38492,909,6
38493,909,1
38494,909,2
38496,909,1
38500,909,7
38501,909,3
38503,909,1
38506,909,1
38507,909,1
38508,909,1
38510,909,1
38511,909,1
38515,909,1
38516,909,1
38517,909,4
38518,909,3
38522,909,4
38523,909,1
38524,909,63
38530,909,2
38531,909,15
38536,909,203
38538,909,14
38539,909,3
38540,909,1
38543,909,2
38545,909,3
38546,909,1
38547,909,1
38557,909,3
38558,909,34
38564,909,2
38567,909,3
38573,909,2
38574,909,1
38575,909,8
38579,909,1
38580,909,1
38583,909,1
38587,909,2
38588,909,1
38595,909,2
38600,909,1
38601,909,1
38602,909,1
38603,909,1
38609,909,1
38615,909,6
38617,909,4
38618,909,4
38633,909,1
38637,909,2
38638,909,2
38640,909,3
38641,909,5
38655,909,10
38658,909,2
38659,909,1
38660,909,1
38661,909,1
38665,909,14
38667,909,1
38669,909,2
38670,909,6
38673,909,1
38674,909,1
38675,909,14
38678,909,2
38681,909,12
38684,909,3
38685,909,1
38690,909,2
38691,909,1
38696,909,1
38697,909,77
38699,909,1
38701,909,1
38702,909,1
38704,909,1
38710,909,2
38716,909,1
38717,909,4
38722,909,1
38725,909,1
38726,909,1
38727,909,2
38733,909,1
38735,909,30
38739,909,1
38740,909,8
38741,909,5
38742,909,1
38743,909,1
38745,909,1
38748,909,6
38750,909,15
38751,909,3
38755,909,1
38758,909,1
38761,909,6
38764,909,1
38766,909,2
38767,909,1
38769,909,2
38771,909,1
38773,909,3
38774,909,1
38775,909,13
38776,909,3
38777,909,1
38778,909,4
38779,909,3
38780,909,1
38781,909,3
38782,909,6
38783,909,1
38784,909,36
38785,909,6
38786,909,2
38787,909,3
38789,909,15
38790,909,1
38793,909,1
38794,909,4
38796,909,1
38797,909,4
38798,909,3
38799,909,42
38800,909,7
38801,909,1
38802,909,12
38804,909,1
38805,909,25
38806,909,2
38807,909,2
38808,909,2
38809,909,14
38811,909,5
38812,909,1
38815,909,1
38816,909,2
38818,909,3
38819,909,1
38820,909,15
38821,909,7
38822,909,1
38823,909,7
38825,909,1
38826,909,2
38827,909,3
38828,909,20
38829,909,1
38830,909,1
38831,909,1
38832,909,4
38833,909,1
38834,909,1
38835,909,1
38836,909,9
38838,909,8
38839,909,9
38840,909,1
38842,909,1
38843,909,1
38846,909,3
38847,909,5
38848,909,2
38849,909,5
38850,909,4
38851,909,1
38864,909,1
38870,909,5
38887,909,3
38905,909,1
38928,909,1
38937,909,1
38938,909,2
38939,909,1
38972,909,1
38980,909,17
38985,909,1
39003,909,1
39022,909,2
39026,909,10
39054,909,18
39061,909,1
39064,909,2
39070,909,60
39073,909,4
39074,909,1
39079,909,1
39081,909,1
39085,909,46
39089,909,1
39099,909,4
39103,909,26
39105,909,2
39115,909,3
39116,909,1
39119,909,2
39122,909,1
39130,909,1
39131,909,6
39138,909,1
39142,909,1
39146,909,2
39152,909,1
39159,909,1
39177,909,1
39178,909,1
39202,909,22
39204,909,2
39207,909,3
39208,909,8
39209,909,10
39220,909,1
39222,909,2
39223,909,5
39225,909,2
39258,909,1
39261,909,2
39264,909,4
39265,909,1
39270,909,1
39272,909,1
39275,909,2
39278,909,1
39279,909,1
39280,909,2
39284,909,1
39285,909,52
39286,909,2
39288,909,3
39289,909,2
39296,909,2
39302,909,2
39304,909,1
39306,909,1
39310,909,5
39317,909,3
39324,909,4
39337,909,1
39339,909,5
39340,909,1
39341,909,1
39344,909,2
39345,909,4
39347,909,2
39348,909,1
39349,909,3
39352,909,1
39353,909,2
39354,909,5
39356,909,4
39357,909,1
39358,909,4
39365,909,1
39367,909,2
39369,909,15
39371,909,1
39373,909,1
39377,909,1
39379,909,2
39404,909,12
39405,909,1
39426,909,1
39436,909,1
39449,909,1
39454,909,1
39458,909,1
39462,909,1
39464,909,1
39466,909,1
39475,909,4
39488,909,1
39491,909,1
39497,909,1
39502,909,1
39505,909,1
39507,909,1
39512,909,31
39513,909,1
39515,909,1
39516,909,1
39529,909,1
39537,909,2
39543,909,1
39550,909,1
39565,909,1
39569,909,1
39570,909,1
39572,909,1
39574,909,2
39577,909,1
39578,909,1
39579,909,2
39581,909,1
39583,909,1
39592,909,1
39594,909,9
39602,909,1
39604,909,1
39623,909,2
39703,909,1
39794,909,2
39853,909,1
39883,909,2
39950,909,1
39952,909,9
39953,909,1
39961,909,4
39962,909,1
39963,909,2
39964,909,1
39965,909,1
39966,909,3
39970,909,3
39971,909,1
39972,909,261
39975,909,2
39976,909,3
39977,909,6
39978,909,1
39979,909,5
39983,909,1
39985,909,1
39990,909,123
39994,909,2
39995,909,6
39996,909,2
39998,909,2
39999,909,7
40001,909,2
40002,909,1
40005,909,1
40006,909,1
40008,909,1
40009,909,2
40012,909,13
40015,909,11
40018,909,2
40023,909,81
40029,909,1
40030,909,86
40033,909,1
40036,909,1
40039,909,11
40041,909,11
40047,909,2
40048,909,12
40050,909,5
40051,909,5
40052,909,1
40056,909,32
40059,909,3
40060,909,3
40061,909,7
40064,909,1
40065,909,3
40066,909,12
40067,909,4
40068,909,23
40069,909,17
40070,909,3
40073,909,12
40075,909,1
40078,909,5
40079,909,2
40081,909,2
40084,909,4
40085,909,14
40088,909,2
40089,909,5
40090,909,2
40091,909,1
40093,909,4
40094,909,7
40096,909,3
40160,909,6
40161,909,2
40162,909,9
40175,909,5
40179,909,1
40180,909,1
40184,909,1
40185,909,2
40188,909,33
40190,909,3
40192,909,4
40198,909,1
40201,909,1
40202,909,1
40208,909,4
40209,909,2
40210,909,1
40212,909,5
40215,909,3
40221,909,1
40224,909,1
40232,909,1
40241,909,1
40245,909,11
40258,909,1
40267,909,1
40271,909,1
40272,909,2
40281,909,27
40286,909,1
40292,909,1
40294,909,1
40295,909,1
40306,909,1
40309,909,1
40336,909,1
40349,909,1
40363,909,1
40395,909,3
40398,909,1
40399,909,4
40400,909,8
40402,909,2
40406,909,19
40407,909,2
40408,909,3
40410,909,2
40412,909,89
40413,909,1
40415,909,1
40416,909,1
40417,909,104
40420,909,9
40421,909,15
40422,909,3
40423,909,6
40427,909,1
40429,909,3
40430,909,1
40431,909,1
40432,909,1
40433,909,39
40434,909,1
40438,909,10
40441,909,1
40442,909,1
40443,909,228
40444,909,5
40446,909,32
40454,909,1
40458,909,45
40463,909,1
40465,909,143
40466,909,1
40468,909,4
40470,909,1
40474,909,3
40476,909,95
40477,909,6
40478,909,2
40480,909,19
40484,909,5
40486,909,3
40488,909,39
40489,909,3
40491,909,50
40492,909,55
40493,909,5
40498,909,1
40500,909,1
40501,909,1
40502,909,19
40503,909,1
40504,909,10
40506,909,5
40508,909,1
40509,909,3
40510,909,4
40512,909,110
40518,909,2
40520,909,13
40529,909,2
40532,909,1
40536,909,5
40537,909,13
40541,909,1
40543,909,4
40553,909,1
40554,909,14
40567,909,2
40569,909,1
40580,909,2
40584,909,10
40585,909,1
40599,909,1
40600,909,3
40602,909,7
40605,909,4
40606,909,11
40607,909,4
40608,909,1
40609,909,2
40610,909,2
40615,909,1
40620,909,3
40625,909,1
40707,909,2
40718,909,3
40719,909,1
40729,909,7
40736,909,1
40738,909,4
40742,909,2
40743,909,30
40744,909,1
40745,909,12
40751,909,1
40756,909,2
40763,909,6
40770,909,1
40779,909,19
40786,909,5
40791,909,5
40792,909,1
40793,909,3
40799,909,1
40811,909,5
40818,909,3
40820,909,4
40827,909,10
40829,909,5
40830,909,1
40831,909,2
40832,909,1
40839,909,23
40845,909,1
40854,909,2
40856,909,5
40865,909,1
40869,909,16
40872,909,2
40882,909,1
40889,909,1
40890,909,8
40892,909,1
40894,909,1
40899,909,1
40901,909,1
40940,909,1
40955,909,4
40970,909,2
40971,909,1
40973,909,1
40976,909,1
40995,909,2
41014,909,1
41015,909,1
41020,909,14
41024,909,4
41027,909,23
41028,909,4
41029,909,60
41031,909,1
41032,909,1
41033,909,1
41036,909,4
41045,909,20
41049,909,3
41050,909,8
41051,909,3
41053,909,2
41054,909,9
41055,909,2
41057,909,1
41060,909,12
41062,909,4
41063,909,3
41065,909,1
41066,909,17
41067,909,1
41069,909,1
41073,909,816
41079,909,1
41080,909,188
41088,909,13
41089,909,2
41090,909,13
41096,909,1
41097,909,15
41099,909,1
41100,909,4
41102,909,1
41103,909,3
41106,909,1
41107,909,1
41108,909,28
41111,909,19
41112,909,27
41113,909,2
41114,909,5
41115,909,20
41117,909,3
41118,909,1
41119,909,15
41122,909,2
41124,909,2
41126,909,3
41130,909,22
41132,909,20
41133,909,6
41135,909,5
41136,909,6
41137,909,8
41183,909,1
41191,909,1
41193,909,2
41198,909,5
41209,909,2
41227,909,44
41230,909,36
41232,909,1039
41241,909,1
41247,909,5
41250,909,1
41251,909,1
41255,909,2
41256,909,5
41257,909,2
41258,909,1
41259,909,41
41262,909,1
41267,909,4
41271,909,1
41272,909,1
41274,909,1
41275,909,1
41292,909,1
41296,909,1
41314,909,1
41320,909,3
41326,909,1
41334,909,3
41338,909,1
41375,909,7
41394,909,1
41401,909,1
41403,909,10
41408,909,1
41410,909,1
41425,909,4
41432,909,4
41433,909,1
41434,909,6
41435,909,1
41438,909,3
41444,909,3
41448,909,13
41449,909,13
41452,909,1
41471,909,2
41481,909,20
41483,909,1
41489,909,8
41492,909,19
41493,909,5
41495,909,2
41497,909,1
41499,909,34
41502,909,4
41503,909,1
41504,909,1
41509,909,1
41513,909,2
41524,909,6
41528,909,1
41530,909,5
41535,909,7
41537,909,10
41538,909,1
41540,909,1
41543,909,1
41544,909,1
41545,909,9
41548,909,1
41549,909,1
41553,909,1
41555,909,1
41557,909,1
41562,909,1
41565,909,1
41568,909,1
41570,909,2
41585,909,18
41587,909,11
41589,909,11
41590,909,2
41599,909,11
41601,909,1
41604,909,1
41605,909,1
41609,909,54
41610,909,1
41614,909,4
41616,909,13
41626,909,2
41627,909,23
41633,909,1
41639,909,1
41640,909,1
41642,909,1
41645,909,6
41649,909,11
41657,909,2
41663,909,13
41664,909,1
41672,909,2
41685,909,2
41686,909,6
41689,909,4
41691,909,34
41692,909,1
41694,909,4
41696,909,36
41697,909,1
41700,909,27
41701,909,3
41702,909,3
41704,909,2
41706,909,3
41711,909,1
41714,909,1
41716,909,1
41731,909,1
41734,909,1
41735,909,2
41740,909,1
41744,909,6
41747,909,5
41748,909,3
41762,909,1
41767,909,1
41769,909,7
41780,909,2
41782,909,1
41790,909,2
41795,909,6
41798,909,1
41800,909,2
41801,909,2
41803,909,1
41804,909,3
41808,909,3
41811,909,2
41819,909,2
41820,909,8
41823,909,10
41829,909,1
41830,909,3
41839,909,1
41842,909,1
41846,909,1
41847,909,1
41849,909,1
41857,909,22
41861,909,6
41864,909,11
41867,909,2
41871,909,1
41873,909,13
41876,909,3
41877,909,1
41882,909,3
41885,909,2
41893,909,1
41903,909,3
41916,909,1
41918,909,2
41920,909,1
41924,909,1
41925,909,3
41926,909,4
41927,909,1
41929,909,2
41951,909,1
41959,909,1
41963,909,4
41968,909,2
41975,909,50
41976,909,1
42026,909,3
42063,909,1
42081,909,2
42085,909,2
42098,909,1
42101,909,9
42111,909,1
42118,909,2
42151,909,4
42159,909,2
42165,909,6
42175,909,2
42186,909,1
42191,909,1
42194,909,1
42204,909,1
42223,909,1
42225,909,1
42226,909,3
42232,909,1
42233,909,2
42234,909,6
42235,909,3
42308,909,33
42309,909,5
42334,909,3
42343,909,1
42351,909,5
42353,909,1
42366,909,3
42368,909,1
42372,909,2
42380,909,2
42384,909,40
42394,909,8
42399,909,4
42408,909,1
42416,909,1
42429,909,2
42459,909,1
42462,909,1
42467,909,10
42471,909,2
42490,909,1
42571,909,1
42575,909,7
42588,909,1
42597,909,1
42600,909,8
42603,909,4
42641,909,2
42642,909,1
42648,909,13
42650,909,1
42654,909,9
42658,909,1
42659,909,1
42660,909,160
42664,909,13
42665,909,1
42677,909,6
42678,909,1
42679,909,1
42680,909,1
42681,909,2
42682,909,1
42684,909,8
42685,909,3
42691,909,1
42692,909,3
42694,909,1
42695,909,1
42698,909,5
42701,909,17
42709,909,14
42710,909,1
42713,909,1
42714,909,1
42716,909,60
42726,909,4
42728,909,4
42732,909,2
42734,909,1
42735,909,5
42737,909,10
42738,909,1
42743,909,7
42744,909,3
42746,909,4
42747,909,1
42748,909,1
42752,909,9
42755,909,49
42756,909,8
42760,909,5
42765,909,4
42766,909,1
42768,909,3
42771,909,2
42772,909,1
42774,909,1
42775,909,2
42776,909,2
42777,909,1
42779,909,1
42780,909,3
42782,909,1
42824,909,1
42825,909,11
42826,909,7
42827,909,1
42828,909,48
42829,909,113
42830,909,547
42831,909,100
42832,909,17
42833,909,254
42834,909,5
42835,909,1
42836,909,436
42837,909,1
42838,909,52
42839,909,10
42840,909,2
42841,909,1
42842,909,3
42843,909,1
42844,909,6
42845,909,2
42846,909,2
42847,909,1
42848,909,12
42849,909,2
42850,909,3
42851,909,11
42852,909,6
42853,909,3
42854,909,17
42855,909,6
42856,909,176
42857,909,6
42858,909,33
42859,909,4
42860,909,98
42861,909,1
42862,909,1
42863,909,7
42864,909,20
42865,909,17
42866,909,17
42867,909,3
42868,909,7
42869,909,29
42870,909,12
42871,909,547
42872,909,22
42873,909,13
42874,909,2
42875,909,1
42876,909,4
42877,909,3
42878,909,10
42879,909,1901
42880,909,3
42881,909,19
42882,909,326
42883,909,3
42884,909,2
42885,909,3
42886,909,2
42887,909,3
42888,909,1
42889,909,13
42890,909,40
42891,909,10
42892,909,1
42923,909,1
42924,909,28
42926,909,1
42928,909,88
42929,909,10
42930,909,2
42932,909,1
42933,909,1
42936,909,2
42937,909,1
42938,909,1
42939,909,1
42940,909,6
42942,909,3
42944,909,1
42946,909,18
42947,909,1
42948,909,1
42949,909,1
42950,909,1
42951,909,2
42952,909,2
42955,909,6
42956,909,2
42957,909,1
42959,909,1
42960,909,1
42961,909,1
42962,909,1
42969,909,1
42991,909,24
42995,909,1
43002,909,2
43007,909,1
43012,909,2
43015,909,1
43026,909,2
43031,909,2
43040,909,3
43045,909,21
43053,909,3
43058,909,1
43060,909,3
43072,909,2
43073,909,5
43077,909,1
43080,909,13
43083,909,1
43087,909,4
43089,909,1
43091,909,1
43092,909,25
43093,909,1
43097,909,9
43108,909,17
43117,909,2
43125,909,1
43126,909,11
43132,909,4
43137,909,2
43138,909,2
43140,909,1
43141,909,1
43146,909,6
43147,909,5
43149,909,1
43150,909,2
43151,909,1
43152,909,4
43158,909,11
43159,909,11
43170,909,22
43174,909,1
43176,909,1
43177,909,1
43178,909,1
43179,909,5
43181,909,25
43190,909,43
43194,909,1
43196,909,1
43197,909,28
43212,909,4
43213,909,2
43229,909,1
43234,909,2
43240,909,11
43241,909,10
43244,909,2
43257,909,5
43258,909,16
43265,909,21
43271,909,7
43279,909,1
43282,909,51
43283,909,4
43284,909,4
43288,909,1
43289,909,1
43291,909,1
43292,909,1
43294,909,1
43295,909,1
43298,909,2
43300,909,1
43305,909,1
43307,909,1
43314,909,2
43359,909,1
43363,909,3
43369,909,2
43380,909,2
43383,909,3
43401,909,9
43409,909,2
43410,909,3
43411,909,2
43418,909,2
43425,909,14
43428,909,13
43429,909,11
43440,909,1
43444,909,1
43450,909,5
43452,909,2
43453,909,12
43468,909,3
43469,909,2
43481,909,1
43488,909,1
43504,909,1
43524,909,1
43529,909,3
43541,909,1
43552,909,10
43554,909,1
43556,909,3
43558,909,1
43574,909,7
43577,909,7
43583,909,1
43584,909,1
43589,909,4
43592,909,1
43595,909,2
43598,909,47
43602,909,1
43604,909,1
43607,909,2
43614,909,2
43618,909,1
43620,909,1
43621,909,2
43623,909,1
43633,909,1
43634,909,5
43641,909,6
43650,909,2
43654,909,3
43655,909,1
43660,909,14
43663,909,1
43664,909,1
43665,909,1
43666,909,5
43667,909,2
43668,909,7
43669,909,1
43670,909,1
43671,909,1
43672,909,4
43677,909,1
43680,909,1
43681,909,1
43684,909,4
43687,909,1
43691,909,4
43693,909,61
43758,909,1
43782,909,1
43788,909,5
43792,909,1
43794,909,3
43804,909,7
43809,909,1
43810,909,14
43814,909,31
43816,909,26
43837,909,2
43838,909,8
43839,909,2
43841,909,18
43844,909,3
43850,909,1
43866,909,1
43880,909,1
43897,909,8
43905,909,1
43923,909,1
43976,909,1
43981,909,3
43984,909,1
44012,909,1
44013,909,1
44029,909,1
44030,909,1
44031,909,1
44052,909,1
44053,909,1
44064,909,15
44067,909,3
44068,909,2
44069,909,1
44070,909,1
44073,909,21
44075,909,1
44077,909,3
44078,909,10
44081,909,1
44082,909,1
44083,909,22
44086,909,3
44089,909,18
44091,909,4
44092,909,1
44095,909,1
44096,909,1
44097,909,3
44098,909,2
44103,909,2
44104,909,118
44106,909,1
44108,909,1
44109,909,2
44111,909,1
44116,909,4
44121,909,1
44122,909,6
44125,909,2
44128,909,2
44129,909,1
44130,909,3
44132,909,1
44135,909,2
44137,909,46
44140,909,1
44141,909,12
44142,909,7
44143,909,2
44144,909,1
44146,909,2
44147,909,1
44148,909,9
44149,909,24
44150,909,4
44154,909,1
44157,909,1
44160,909,10
44161,909,1
44162,909,3
44163,909,2
44165,909,4
44167,909,1
44168,909,4
44180,909,1
44186,909,5
44203,909,3
44222,909,1
44246,909,1
44255,909,1
44256,909,2
44291,909,1
44299,909,13
44305,909,1
44347,909,2
44352,909,8
44385,909,3
44391,909,2
44408,909,1
44418,909,61
44421,909,5
44424,909,1
44425,909,8
44427,909,22
44428,909,28
44443,909,3
44444,909,1
44445,909,5
44446,909,13
44448,909,5
44455,909,1
44498,909,3
44565,909,1
44594,909,3
44644,909,1
44661,909,1
44664,909,1
44675,909,1
44680,909,1
44685,909,17
44686,909,1
44688,909,1
44689,909,1
44702,909,1
44710,909,2
44717,909,1
44724,909,1
44739,909,2
44744,909,1
44745,909,1
44747,909,1
44749,909,1
44753,909,1
44754,909,1
44756,909,1
44758,909,1
44767,909,1
44769,909,5
44779,909,1
44792,909,1
44849,909,1
44998,909,15
45013,909,7
45031,909,1
45033,909,1
45036,909,5
45042,909,5
45048,909,1
45050,909,1
45054,909,1
45060,909,2
45069,909,1
45071,909,1
45072,909,1
45076,909,1
45084,909,1
45093,909,1
45098,909,8
45103,909,3
45106,909,1
45108,909,1
45110,909,3
45111,909,12
45114,909,59
45118,909,41
45119,909,29
45125,909,4
45126,909,1
45128,909,3
45129,909,3
45130,909,1
45136,909,3
45137,909,2
45138,909,2
45141,909,21
45144,909,4
45150,909,1
45151,909,1
45154,909,1
45169,909,1
45170,909,14
45174,909,6
45175,909,23
45198,909,1
45205,909,13
45209,909,3
45211,909,2
45217,909,3
45218,909,6
45221,909,90
45225,909,9
45227,909,11
45236,909,3
45237,909,1
45238,909,1
45239,909,3
45240,909,3
45249,909,11
45250,909,7
45251,909,3
45254,909,14
45257,909,9
45264,909,1
45265,909,2
45271,909,1
45331,909,3
45342,909,2
45349,909,5
45367,909,2
45369,909,11
45378,909,1
45381,909,1
45385,909,4
45386,909,11
45390,909,1
45392,909,3
45402,909,1
45403,909,11
45418,909,2
45432,909,2
45436,909,8
45455,909,1
45456,909,2
45458,909,6
45461,909,3
45463,909,9
45464,909,3
45467,909,2
45468,909,1
45479,909,2
45501,909,1
45532,909,1
45536,909,1
45546,909,1
45556,909,1
45559,909,3
45574,909,5
45579,909,1
45600,909,1
45625,909,3
45627,909,1
45652,909,1
45659,909,1
45690,909,3
45691,909,1
45701,909,5
45708,909,1
45710,909,3
45714,909,1
45715,909,22
45716,909,1
45717,909,9
45723,909,1
45728,909,1
45735,909,5
45742,909,1
45751,909,14
45759,909,4
45764,909,4
45766,909,2
45773,909,1
45786,909,4
45793,909,2
45795,909,3
45802,909,8
45804,909,4
45806,909,1
45807,909,1
45814,909,17
45829,909,2
45860,909,1
45874,909,1
45911,909,1
45939,909,2
45940,909,1
45941,909,4
45942,909,7
45943,909,8
45949,909,1
45954,909,5
45965,909,1
45972,909,3
45974,909,1
45975,909,9
45977,909,14
45978,909,16
45987,909,1
45993,909,8
45999,909,1
46089,909,1
46113,909,1
46114,909,1
46117,909,15
46121,909,47
46140,909,1
46152,909,3
46157,909,1
46163,909,33
46164,909,1
46184,909,1
46220,909,7
46231,909,1
46260,909,1
46368,909,1
46447,909,1
46480,909,6
46490,909,1
46559,909,2
46597,909,1
46613,909,2
46641,909,2
46644,909,1
46672,909,1
46675,909,1
46693,909,1
46697,909,4
46702,909,2
46706,909,42
46707,909,3
46715,909,2
46719,909,1
46721,909,2
46722,909,1
46727,909,1
46730,909,1
46731,909,4
46733,909,4
46739,909,16
46742,909,1
46744,909,1
46746,909,1
46749,909,1
46750,909,3
46754,909,2
46755,909,1
46756,909,1
46760,909,2
46763,909,13
46764,909,2
46768,909,1
46772,909,1
46774,909,1
46777,909,1
46784,909,1
46827,909,1
46857,909,2
46887,909,5
46888,909,2
46894,909,12
46896,909,4
46899,909,1
46900,909,2
46903,909,1
46904,909,1
46905,909,1
46907,909,1
46908,909,1
46909,909,4
46910,909,1
46912,909,12
46914,909,1
46919,909,3
46923,909,1
46932,909,3
46940,909,10
46946,909,19
46947,909,1
46949,909,1
46952,909,1
46964,909,15
46965,909,1
46971,909,1
46973,909,1
46974,909,1
46980,909,17
46982,909,5
46983,909,1
46985,909,137
46986,909,10
46989,909,2
46992,909,25
47004,909,119
47030,909,41
47033,909,1
47034,909,1
47041,909,4
47046,909,1
47050,909,1
47051,909,3
47054,909,1
47055,909,1
47065,909,3
47070,909,4
47078,909,1
47079,909,5
47084,909,37
47092,909,5
47097,909,2
47099,909,6
47112,909,3
47113,909,9
47117,909,1
47120,909,23
47123,909,1
47126,909,1
47127,909,7
47129,909,1
47130,909,1
47131,909,1
47132,909,44
47133,909,3
47137,909,16
47148,909,30
47157,909,1
47166,909,6
47172,909,2
47178,909,1
47179,909,1
47182,909,1
47188,909,3
47189,909,2
47191,909,1
47193,909,1
47194,909,1
47195,909,2
47201,909,6
47202,909,6
47213,909,12
47222,909,2
47224,909,13
47233,909,23
47240,909,15
47251,909,1
47252,909,1
47271,909,3
47272,909,2
47275,909,1
47282,909,4
47398,909,1
47410,909,1
47448,909,2
47457,909,2
47462,909,1
47463,909,1
47475,909,1
47482,909,1
47496,909,1
47502,909,4
47508,909,6
47525,909,2
47540,909,24
47542,909,3
47544,909,8
47545,909,1
47546,909,2
47564,909,17
47733,909,2
47801,909,1
48061,909,4
48077,909,2
48102,909,1
48108,909,1
48128,909,1
48274,909,1
48433,909,1
48443,909,1
48452,909,1
48457,909,6
48459,909,2
48475,909,1
48491,909,4
48497,909,1
48502,909,1
48504,909,1
48520,909,1
48527,909,1
48528,909,1
48535,909,2
48537,909,1
48547,909,5
48630,909,2
48632,909,1
48700,909,2
48743,909,1
48907,909,1
48921,909,1
49024,909,1
49065,909,2
49232,909,2
49265,909,1
49289,909,1
49368,909,1
49378,909,1
49381,909,1
49414,909,1
49441,909,1
49453,909,1
49513,909,1
49591,909,1
49608,909,4
49639,909,1
49656,909,1
49664,909,1
49685,909,5
49686,909,3
49735,909,1
49744,909,4
49752,909,3
49753,909,1
49757,909,1
49759,909,1
49764,909,2
49778,909,1
49806,909,1
49811,909,2
49812,909,1
49813,909,3
49814,909,6
49815,909,1
49835,909,1
49841,909,41
49842,909,21
49843,909,1
49844,909,1
49850,909,1
49855,909,6
49859,909,2
49860,909,1
49861,909,17
49863,909,1
49864,909,1
49865,909,3
49866,909,1
49872,909,1
49876,909,82
49882,909,2
49884,909,14
49895,909,7
49901,909,97
49907,909,49
49910,909,1
49918,909,1
49922,909,7
49928,909,1
49931,909,2
49937,909,2
49939,909,8
49940,909,7
49941,909,1
49949,909,1
49954,909,7
49961,909,2
49966,909,2
49973,909,1
49974,909,134
49983,909,3
49985,909,2
49988,909,2
49992,909,2
49993,909,1
49994,909,60
49997,909,2
49999,909,11
50000,909,2
50005,909,1
50007,909,2
50010,909,1
50012,909,178
50021,909,19
50023,909,1
50034,909,16
50037,909,1
50041,909,105
50047,909,139
50050,909,1
50060,909,1
50064,909,5
50065,909,2
50069,909,3
50072,909,7
50079,909,13
50080,909,1
50081,909,13
50082,909,15
50083,909,3
50085,909,1
50088,909,1
50091,909,3
50093,909,1
50095,909,1
50097,909,24
50104,909,7
50106,909,1
50113,909,4
50117,909,1
50119,909,2
50129,909,6
50134,909,1
50135,909,11
50139,909,25
50141,909,21
50162,909,2
50163,909,6
50164,909,1
50166,909,14
50169,909,2
50175,909,1
50190,909,1
50197,909,2
50223,909,1
50231,909,1
50240,909,21
50250,909,3
50251,909,1
50268,909,3
50274,909,1
50275,909,1
50282,909,1
50288,909,1
50291,909,1
50297,909,1
50304,909,1
50311,909,1
50313,909,1
50320,909,1
50322,909,1
50327,909,4
50332,909,8
50335,909,1
50336,909,3
50337,909,1
50339,909,1
50344,909,1
50362,909,1
50367,909,1
50371,909,64
50376,909,212
50377,909,11
50378,909,2
50381,909,1
50383,909,1
50390,909,2
50394,909,2
50395,909,1
50404,909,1
50405,909,1
50406,909,1
50408,909,34
50412,909,1
50413,909,8
50418,909,109
50419,909,7
50420,909,2
50424,909,1
50426,909,2
50428,909,1
50434,909,2
50435,909,18
50438,909,1
50441,909,2
50446,909,1
50447,909,1
50448,909,4
50459,909,1
50466,909,1
50487,909,15
50490,909,3
50491,909,2
50492,909,1
50493,909,1
50497,909,20
50499,909,1
50501,909,3
50502,909,9
50505,909,1
50506,909,1
50507,909,21
50511,909,3
50514,909,17
50519,909,4
50520,909,1
50523,909,1
50524,909,1
50526,909,3
50527,909,2
50532,909,2
50533,909,113
50535,909,1
50537,909,1
50538,909,2
50540,909,1
50546,909,4
50552,909,1
50553,909,6
50558,909,2
50561,909,2
50562,909,1
50563,909,3
50569,909,2
50571,909,44
50575,909,1
50576,909,12
50577,909,7
50578,909,1
50579,909,1
50581,909,2
50584,909,8
50586,909,23
50587,909,4
50591,909,1
50594,909,1
50597,909,9
50600,909,1
50602,909,3
50603,909,2
50605,909,3
50607,909,1
50609,909,4
50611,909,2
50613,909,23
50614,909,6
50615,909,1
50616,909,7
50617,909,5
50618,909,2
50619,909,6
50620,909,10
50621,909,3
50622,909,65
50623,909,11
50624,909,3
50626,909,6
50628,909,28
50629,909,2
50636,909,1
50637,909,7
50639,909,2
50640,909,8
50641,909,5
50642,909,76
50643,909,13
50644,909,1
50645,909,22
50647,909,1
50648,909,46
50649,909,4
50651,909,4
50652,909,4
50653,909,25
50655,909,1
50657,909,9
50658,909,2
50659,909,1
50660,909,1
50661,909,2
50662,909,3
50664,909,5
50665,909,1
50666,909,27
50667,909,13
50668,909,1
50669,909,13
50672,909,2
50673,909,4
50674,909,5
50676,909,37
50677,909,1
50678,909,2
50679,909,1
50681,909,6
50683,909,3
50684,909,2
50685,909,1
50686,909,17
50687,909,1
50688,909,15
50689,909,17
50690,909,1
50691,909,1
50692,909,1
50693,909,2
50694,909,1
50696,909,1
50697,909,6
50698,909,10
50699,909,3
50700,909,9
50701,909,8
50716,909,1
50722,909,4
50739,909,2
50756,909,1
50779,909,1
50788,909,1
50789,909,1
50826,909,2
50834,909,1
50835,909,49
50840,909,1
50841,909,1
50842,909,3
50848,909,1
50853,909,1
50856,909,1
50859,909,1
50864,909,2
50868,909,1
50869,909,1
50872,909,1
50880,909,1
50882,909,1
50888,909,1
50890,909,1
50891,909,1
50894,909,6
50899,909,28
50901,909,1
50902,909,1
50903,909,1
50907,909,1
50910,909,1
50913,909,1
50924,909,1
50929,909,47
50936,909,1
50939,909,6
50942,909,1
50943,909,1
50945,909,154
50946,909,1
50948,909,11
50949,909,2
50954,909,1
50956,909,3
50957,909,1
50958,909,1
50959,909,1
50960,909,119
50964,909,2
50965,909,1
50974,909,11
50978,909,67
50980,909,6
50981,909,1
50983,909,1
50990,909,9
50991,909,1
50994,909,6
50997,909,3
51003,909,1
51005,909,3
51006,909,17
51007,909,1
51009,909,1
51013,909,2
51015,909,1
51017,909,3
51021,909,4
51029,909,51
51030,909,8
51031,909,2
51032,909,1
51033,909,2
51037,909,1
51038,909,16
51046,909,16
51051,909,1
51059,909,1
51060,909,1
51061,909,5
51063,909,1
51066,909,5
51068,909,5
51073,909,10
51075,909,1
51080,909,1
51081,909,2
51083,909,5
51084,909,3
51086,909,1
51093,909,23
51101,909,5
51104,909,1
51105,909,2
51106,909,2
51119,909,1
51135,909,2
51174,909,1
51176,909,1
51177,909,1
51179,909,7
51184,909,1
51187,909,1
51189,909,1
51192,909,1
51193,909,1
51196,909,1
51197,909,1
51198,909,69
51201,909,1
51203,909,27
51204,909,4
51207,909,1
51209,909,2
51211,909,3
51213,909,1
51214,909,1
51215,909,1
51216,909,4
51222,909,1
51225,909,1
51229,909,1
51239,909,7
51243,909,2
51245,909,21
51252,909,20
51255,909,1
51267,909,2
51268,909,7
51274,909,1
51276,909,12
51278,909,3
51283,909,1
51285,909,1
51287,909,4
51292,909,1
51295,909,1
51296,909,1
51298,909,1
51300,909,1
51307,909,1
51308,909,1
51312,909,1
51314,909,8
51315,909,1
51322,909,3
51323,909,1
51324,909,2
51325,909,1
51326,909,1
51327,909,3
51331,909,3
51332,909,1
51333,909,235
51336,909,1
51337,909,3
51338,909,6
51339,909,1
51340,909,4
51346,909,1
51350,909,110
51354,909,2
51355,909,5
51356,909,2
51358,909,2
51359,909,7
51361,909,1
51362,909,1
51365,909,1
51366,909,1
51368,909,1
51369,909,2
51372,909,12
51375,909,10
51377,909,1
51381,909,73
51387,909,1
51388,909,78
51391,909,1
51393,909,1
51396,909,10
51398,909,10
51403,909,1
51404,909,11
51406,909,4
51407,909,4
51408,909,1
51411,909,28
51414,909,2
51415,909,2
51416,909,6
51419,909,1
51420,909,2
51421,909,10
51422,909,4
51423,909,21
51424,909,15
51425,909,3
51428,909,11
51430,909,1
51433,909,5
51434,909,2
51435,909,2
51438,909,4
51439,909,13
51441,909,2
51442,909,4
51443,909,2
51444,909,1
51445,909,4
51446,909,6
51448,909,2
51529,909,1
51561,909,1
51568,909,1
51570,909,4
51571,909,3
51572,909,2
51586,909,1
51600,909,1
51602,909,1
51671,909,7
51675,909,2
51677,909,1
51682,909,2
51683,909,3
51686,909,52
51689,909,5
51691,909,6
51699,909,2
51700,909,1
51701,909,1
51702,909,2
51703,909,2
51711,909,6
51712,909,4
51713,909,2
51716,909,8
51719,909,5
51727,909,1
51732,909,1
51762,909,1
51768,909,1
51771,909,1
51773,909,1
51793,909,1
51840,909,1
51858,909,1
51896,909,1
51899,909,1
51900,909,1
51904,909,3
51906,909,1
51909,909,16
51913,909,19
51916,909,2
51917,909,3
51918,909,1
51919,909,1
51924,909,1
51928,909,7
51931,909,2
51936,909,42
51937,909,1
51939,909,6
51946,909,8
51951,909,26
51953,909,1
51958,909,1
51960,909,18
51961,909,1
51964,909,3
51968,909,1
51970,909,1
51971,909,7
51972,909,1
51974,909,9
51975,909,10
51976,909,1
51984,909,3
51986,909,2
51988,909,1
51992,909,1
51994,909,20
52001,909,1
52003,909,2
52031,909,1
52039,909,1
52043,909,2
52054,909,5
52056,909,29
52065,909,4
52070,909,1
52075,909,10
52076,909,29
52080,909,2
52082,909,8
52093,909,2
52094,909,31
52109,909,4
52111,909,1
52114,909,1
52124,909,5
52129,909,21
52130,909,1
52149,909,2
52150,909,7
52153,909,1
52154,909,15
52157,909,8
52159,909,25
52160,909,8
52162,909,1
52163,909,4
52164,909,4
52166,909,1
52167,909,1
52169,909,1
52175,909,6
52180,909,1
52317,909,13
52334,909,1
52335,909,1
52344,909,3
52353,909,2
52357,909,1
52358,909,12
52360,909,5
52371,909,1
52378,909,2
52394,909,8
52401,909,2
52406,909,2
52408,909,1
52425,909,2
52432,909,1
52434,909,2
52441,909,4
52443,909,2
52445,909,1
52453,909,9
52467,909,1
52469,909,4
52478,909,1
52481,909,12
52483,909,1
52493,909,1
52499,909,1
52500,909,6
52507,909,1
52509,909,1
52529,909,1
52537,909,2
52542,909,5
52549,909,42
52553,909,2
52558,909,2
52569,909,2
52583,909,1
52588,909,2
52602,909,1
52603,909,7
52620,909,3
52621,909,2
52623,909,1
52626,909,1
52654,909,4
52658,909,1
52661,909,6
52662,909,1
52663,909,17
52670,909,1
52679,909,6
52683,909,1
52684,909,2
52685,909,1
52688,909,2
52694,909,3
52695,909,1
52696,909,1
52699,909,5
52704,909,226
52710,909,52
52717,909,4
52718,909,1
52719,909,4
52725,909,4
52728,909,1
52731,909,1
52736,909,8
52738,909,5
52739,909,7
52741,909,1
52742,909,6
52744,909,1
52746,909,4
52751,909,1
52753,909,1
52757,909,6
52758,909,5
52759,909,2
52761,909,1
52762,909,2
52763,909,2
52792,909,1
52793,909,1
52794,909,1
52803,909,1
52815,909,1
52816,909,2
52817,909,2
52826,909,1
52857,909,1
52861,909,1
52865,909,1
52867,909,2
52872,909,6
52883,909,3
52901,909,54
52902,909,44
52904,909,1278
52913,909,1
52917,909,1
52919,909,6
52922,909,1
52923,909,1
52927,909,2
52928,909,6
52929,909,2
52930,909,1
52931,909,51
52933,909,1
52934,909,2
52939,909,5
52943,909,1
52944,909,1
52946,909,1
52947,909,1
52950,909,1
52951,909,1
52954,909,1
52966,909,1
52969,909,3
52982,909,1
52983,909,3
52986,909,23
52988,909,1
52994,909,9
52997,909,22
52998,909,6
53000,909,2
53002,909,1
53004,909,39
53007,909,5
53008,909,1
53009,909,1
53014,909,1
53018,909,2
53029,909,7
53032,909,1
53034,909,5
53039,909,8
53041,909,11
53042,909,1
53044,909,1
53046,909,1
53047,909,1
53048,909,10
53051,909,1
53052,909,1
53053,909,1
53056,909,1
53058,909,1
53059,909,1
53064,909,1
53067,909,1
53069,909,1
53070,909,1
53072,909,2
53087,909,1
53090,909,2
53092,909,1
53094,909,1
53101,909,1
53107,909,7
53114,909,2
53121,909,3
53132,909,1
53135,909,1
53141,909,2
53154,909,1
53156,909,4
53159,909,1
53160,909,5
53162,909,4
53229,909,1
53235,909,4
53240,909,9
53242,909,1
53243,909,1
53245,909,3
53246,909,4
53248,909,1
53249,909,5
53253,909,5
53256,909,3
53262,909,3
53263,909,13
53264,909,1
53265,909,16
53270,909,1
53271,909,5
53274,909,1
53276,909,1
53277,909,1
53280,909,2
53281,909,1
53284,909,1
53285,909,2
53287,909,2
53293,909,37
53296,909,10
53299,909,18
53301,909,1
53302,909,3
53306,909,1
53307,909,1
53308,909,21
53311,909,4
53312,909,2
53316,909,5
53319,909,4
53320,909,1
53323,909,1
53326,909,1
53328,909,1
53329,909,1
53339,909,2
53341,909,5
53358,909,1
53366,909,3
53373,909,1
53378,909,2
53380,909,1
53382,909,12
53388,909,5
53396,909,154
53400,909,2
53405,909,1
53423,909,1
53424,909,1
53468,909,8
53476,909,1
53479,909,1
53510,909,1
53530,909,1
53541,909,1
53585,909,1
53636,909,1
53744,909,102
53745,909,14
53755,909,1
53761,909,1
53764,909,1
53773,909,1
53779,909,1
53780,909,1
53786,909,2
53810,909,4
53811,909,1
53819,909,6
53822,909,3
53826,909,1
53827,909,3
53828,909,1
53839,909,1
53878,909,2
53902,909,2
53911,909,2
53926,909,2
53936,909,1
53939,909,1
53959,909,1
53962,909,1
53967,909,14
53971,909,3
53993,909,1
54012,909,1
54013,909,1
54064,909,1
54088,909,3
54121,909,1
54125,909,4
54153,909,1
54156,909,5
54159,909,2
54217,909,2
54218,909,1
54223,909,14
54225,909,1
54229,909,9
54231,909,1
54232,909,1
54233,909,171
54237,909,14
54238,909,2
54249,909,7
54250,909,1
54251,909,1
54252,909,1
54253,909,2
54254,909,1
54256,909,9
54257,909,3
54262,909,1
54263,909,3
54265,909,2
54266,909,1
54269,909,6
54272,909,18
54279,909,15
54280,909,1
54283,909,1
54284,909,1
54286,909,64
54295,909,5
54297,909,5
54301,909,2
54303,909,1
54304,909,5
54306,909,11
54307,909,1
54308,909,1
54311,909,7
54312,909,3
54314,909,4
54315,909,1
54316,909,1
54319,909,10
54322,909,52
54323,909,9
54327,909,5
54332,909,4
54333,909,1
54334,909,4
54337,909,2
54338,909,1
54340,909,1
54341,909,2
54342,909,2
54343,909,1
54344,909,1
54345,909,3
54347,909,1
54412,909,1
54413,909,1
54414,909,4
54415,909,9
54416,909,44
54417,909,8
54418,909,1
54419,909,20
54421,909,35
54422,909,4
54423,909,1
54425,909,1
54426,909,1
54427,909,1
54428,909,1
54430,909,14
54432,909,3
54433,909,8
54434,909,1
54435,909,2
54436,909,1
54437,909,1
54438,909,1
54439,909,2
54440,909,1
54441,909,44
54442,909,2
54443,909,1
54444,909,1
54445,909,152
54446,909,2
54447,909,26
54448,909,1
54449,909,3
54450,909,1
54459,909,1
54475,909,1
54492,909,1
54497,909,1
54509,909,1
54520,909,1
54524,909,9
54525,909,1
54529,909,2
54538,909,8
54545,909,1
54546,909,39
54547,909,1
54548,909,1
54549,909,1
54550,909,122
54551,909,14
54552,909,3
54553,909,1
54555,909,1
54557,909,2
54559,909,1
54560,909,2
54562,909,1
54563,909,1
54564,909,2
54565,909,8
54567,909,1
54568,909,4
54570,909,2
54571,909,1
54572,909,25
54573,909,2
54574,909,2
54575,909,1
54576,909,1
54577,909,3
54578,909,3
54579,909,1
54583,909,8
54584,909,2
54585,909,2
54589,909,1
54590,909,2
54591,909,2
54592,909,1
54607,909,14
54618,909,1
54628,909,1
54642,909,1
54646,909,1
54655,909,2
54660,909,13
54668,909,2
54673,909,1
54675,909,2
54687,909,1
54688,909,3
54695,909,8
54702,909,2
54707,909,15
54708,909,1
54712,909,6
54723,909,10
54739,909,3
54744,909,1
54747,909,1
54748,909,1
54756,909,2
54757,909,1
54759,909,1
54761,909,1
54766,909,3
54767,909,3
54778,909,6
54786,909,1
54788,909,7
54794,909,12
54800,909,8
54810,909,1
54811,909,1
54826,909,1
54830,909,3
54831,909,3
54833,909,5
54846,909,14
54847,909,49
54848,909,1
54856,909,67
54861,909,2
54872,909,15
54873,909,1
54874,909,1
54888,909,1
54903,909,40
54905,909,3
54912,909,1
54913,909,2
54920,909,170
54923,909,10
54924,909,7
54930,909,2
54931,909,1
54933,909,2
54934,909,2
54935,909,1
54943,909,1
54947,909,4
54951,909,18
54962,909,2
54966,909,2
54967,909,30
54969,909,2
55011,909,1
55017,909,1
55026,909,1
55029,909,1
55046,909,3
55074,909,1
55081,909,1
55087,909,1
55097,909,1
55114,909,1
55117,909,2
55122,909,4
55133,909,1
55142,909,14
55144,909,2
55146,909,5
55147,909,1
55148,909,1
55164,909,10
55167,909,1
55184,909,4
55210,909,1
55222,909,1
55230,909,1
55250,909,6
55264,909,1
55311,909,1
55333,909,4
55334,909,2
55343,909,1
55347,909,2
55359,909,8
55363,909,1
55371,909,1
55373,909,10
55377,909,5
55383,909,1
55392,909,1
55393,909,1
55402,909,1
55411,909,1
55412,909,133
55421,909,3
55423,909,2
55426,909,2
55430,909,2
55431,909,1
55432,909,59
55435,909,2
55437,909,11
55438,909,2
55443,909,1
55445,909,2
55447,909,1
55449,909,177
55458,909,19
55471,909,16
55474,909,1
55478,909,104
55484,909,138
55487,909,1
55497,909,1
55501,909,5
55502,909,2
55506,909,3
55509,909,7
55515,909,13
55516,909,1
55517,909,13
55518,909,15
55519,909,3
55521,909,1
55524,909,1
55527,909,3
55528,909,1
55530,909,1
55532,909,24
55538,909,7
55540,909,1
55571,909,1
55596,909,5
55604,909,1
55622,909,1
55675,909,1
55680,909,2
55683,909,1
55712,909,2
55715,909,5
55722,909,1
55744,909,2
55745,909,1
55746,909,1
55765,909,1
55767,909,1
55768,909,2
55779,909,1
55787,909,1
55796,909,1
55801,909,1
55813,909,5
55837,909,2
55848,909,1
55867,909,1
55875,909,2
55879,909,1
55886,909,2
55888,909,1
55889,909,2
55893,909,1
55899,909,1
55905,909,1
55910,909,1
55912,909,1
55920,909,19
55950,909,1
55956,909,3
55973,909,2
56010,909,1
56018,909,1
56019,909,1
56052,909,1
56060,909,23
56064,909,1
56065,909,1
56066,909,1
56076,909,1
56087,909,1
56091,909,1
56092,909,1
56107,909,1
56111,909,3
56116,909,13
56119,909,1
56120,909,1
56127,909,1
56147,909,70
56149,909,1
56156,909,2
56161,909,8
56165,909,2
56166,909,1
56167,909,1
56168,909,229
56169,909,1
56171,909,17
56172,909,4
56173,909,1
56177,909,2
56178,909,1
56179,909,4
56180,909,1
56181,909,2
56182,909,1
56183,909,177
56191,909,3
56193,909,1
56204,909,16
56210,909,99
56215,909,9
56216,909,1
56218,909,1
56229,909,13
56230,909,2
56235,909,9
56236,909,1
56238,909,5
56240,909,1
56244,909,2
56246,909,5
56247,909,25
56248,909,1
56250,909,1
56256,909,2
56258,909,1
56260,909,4
56265,909,6
56270,909,1
56271,909,2
56272,909,1
56274,909,257
56275,909,41
56276,909,11
56277,909,4
56278,909,11
56279,909,2
56280,909,2
56281,909,1
56282,909,6
56283,909,81
56284,909,2
56285,909,1
56290,909,1
56291,909,82
56292,909,1
56294,909,1
56295,909,1
56296,909,3
56297,909,2
56299,909,1
56300,909,2
56302,909,1
56303,909,4
56304,909,3
56305,909,24
56307,909,3
56310,909,26
56312,909,24
56313,909,2
56314,909,2
56316,909,1
56317,909,50
56318,909,1
56319,909,3
56321,909,1
56322,909,1
56323,909,3
56324,909,10
56326,909,28
56327,909,14
56328,909,2
56329,909,5
56330,909,1
56332,909,1
56333,909,1
56334,909,1
56335,909,117
56336,909,1
56396,909,8
56411,909,4
56434,909,3
56440,909,3
56458,909,1
56469,909,1
56470,909,1
56727,909,1
56801,909,1
56824,909,1
56846,909,1
56874,909,1
56877,909,1
56882,909,7
56886,909,8
56887,909,1
56888,909,1
56890,909,1
56898,909,3
56900,909,1
56903,909,18
56905,909,3
56908,909,4
56913,909,11
56918,909,8
56921,909,2
56925,909,3
56927,909,4
56928,909,4
56933,909,2
56935,909,1
56940,909,9
56966,909,1
56979,909,1
56991,909,1
57008,909,1
57018,909,1
57021,909,1
57236,909,7
57310,909,22
57321,909,4
57325,909,67
57328,909,7
57329,909,2
57334,909,1
57336,909,2
57338,909,1
57340,909,6
57343,909,1
57349,909,4
57350,909,32
57352,909,3
57354,909,2
57360,909,5
57361,909,1
57363,909,5
57365,909,1
57372,909,1
57386,909,2
57428,909,1
57435,909,1
57437,909,3
57452,909,1
57466,909,1
57471,909,1
57476,909,41
57481,909,9
57487,909,1
57489,909,1
57495,909,1
57506,909,1
57508,909,1
57509,909,1
57512,909,1
57516,909,1
57525,909,1
57526,909,1
57566,909,1
57576,909,1
57585,909,11
57586,909,9
57588,909,258
57601,909,1
57608,909,1
57611,909,10
57618,909,1
57648,909,1
57667,909,1
57673,909,2
57688,909,2
57692,909,1
57721,909,8
57722,909,5
57730,909,5
57731,909,2
57733,909,1
57734,909,1
57737,909,1
57739,909,1
57744,909,2
57749,909,2
57750,909,1
57751,909,5
57753,909,3
57756,909,24
57758,909,1
57773,909,1
57774,909,1
57777,909,1
57778,909,1
57785,909,1
57790,909,1
58070,909,1
58076,909,7
58081,909,1
58082,909,17
58084,909,1
58085,909,3
58087,909,5
58088,909,7
58090,909,2
58091,909,10
58095,909,9
58098,909,5
58106,909,5
58107,909,25
58108,909,1
58110,909,30
58116,909,2
58117,909,9
58122,909,1
58126,909,1
58128,909,2
58132,909,3
58133,909,1
58136,909,2
58137,909,3
58139,909,4
58145,909,1
58150,909,68
58154,909,19
58157,909,34
58159,909,1
58160,909,6
58164,909,2
58165,909,1
58167,909,39
58168,909,1
58171,909,8
58173,909,5
58177,909,1
58178,909,10
58180,909,1
58181,909,6
58182,909,1
58185,909,1
58189,909,3
58191,909,1
58193,909,1
58197,909,1
58209,909,1
58210,909,1
58247,909,1
58259,909,3
58264,909,1
58270,909,40
58271,909,1
58318,909,1
58325,909,3
58409,909,60
58410,909,8
58418,909,1
58424,909,1
58427,909,1
58492,909,1
58593,909,1
58612,909,1
58613,909,1
58673,909,2
58678,909,1
58682,909,23
58685,909,2
58696,909,1
58702,909,1
58713,909,1
58714,909,2
58717,909,2
58724,909,9
58728,909,1
58730,909,1
58737,909,1
58739,909,1
58743,909,1
58746,909,1
58750,909,1
58753,909,7
58754,909,1
58758,909,1
58762,909,1
58842,909,1
58843,909,4
58844,909,9
58845,909,44
58846,909,8
58847,909,1
58848,909,20
58849,909,35
58850,909,4
58851,909,1
58852,909,1
58853,909,1
58854,909,1
58855,909,14
58856,909,3
58857,909,8
58858,909,2
58859,909,1
58860,909,1
58861,909,2
58862,909,1
58863,909,44
58864,909,2
58865,909,1
58866,909,1
58867,909,151
58868,909,2
58869,909,26
58870,909,1
58871,909,3
58872,909,1
58937,909,2
58949,909,2
59024,909,1
59055,909,1
59073,909,1
59082,909,1
59094,909,1
59140,909,1
59150,909,1
59154,909,1
59158,909,1
59171,909,1
59176,909,2
59180,909,1
59285,909,1
59328,909,1
59333,909,1
59353,909,5
59355,909,1
59357,909,2
59375,909,4
59413,909,3
59417,909,1
59422,909,2
59428,909,1
59431,909,19
59439,909,1
59443,909,1
59449,909,1
59450,909,1
59458,909,2
59465,909,3
59474,909,1
59477,909,1
59482,909,6
59488,909,2
59489,909,1
59490,909,3
59494,909,2
59505,909,2
59511,909,2
59513,909,25
59514,909,1
59580,909,2
59590,909,5
59599,909,5
59600,909,1
59605,909,1
59607,909,1
59615,909,2
59632,909,2
59664,909,1
59669,909,1
59674,909,2
59675,909,1
59676,909,4
59677,909,8
59678,909,1
59701,909,1
59708,909,50
59709,909,26
59710,909,1
59711,909,1
59718,909,1
59724,909,7
59728,909,2
59729,909,1
59730,909,21
59732,909,1
59733,909,1
59734,909,4
59735,909,1
59742,909,1
59746,909,102
59752,909,3
59754,909,18
59767,909,9
59774,909,120
59781,909,61
59784,909,1
59793,909,1
59797,909,9
59798,909,1
59803,909,1
59804,909,1
59806,909,3
59812,909,2
59814,909,10
59815,909,9
59816,909,2
59824,909,1
59830,909,9
59837,909,2
59840,909,1
59871,909,1
59872,909,6
59883,909,1
59885,909,203
59891,909,1
59894,909,4
59896,909,2
59899,909,3
59903,909,4
59904,909,1
59905,909,90
59906,909,1
59908,909,3
59910,909,17
59911,909,3
59916,909,1
59918,909,3
59920,909,1
59921,909,1
59923,909,269
59932,909,29
59934,909,1
59945,909,24
59949,909,1
59953,909,158
59960,909,209
59961,909,1
59963,909,2
59976,909,1
59982,909,8
59983,909,3
59988,909,4
59989,909,1
59991,909,10
59998,909,1
59999,909,19
60000,909,1
60001,909,19
60002,909,22
60003,909,5
60005,909,1
60008,909,1
60011,909,5
60013,909,1
60015,909,1
60017,909,37
60025,909,11
60028,909,2
60029,909,1
60035,909,6
60041,909,2
60045,909,4
60056,909,10
60064,909,1
60065,909,17
60069,909,40
60071,909,34
60097,909,3
60098,909,10
60099,909,2
60103,909,23
60106,909,4
60115,909,1
60171,909,4
60182,909,1
60187,909,3
60188,909,1
60197,909,85
60199,909,1
60203,909,1
60207,909,1
60208,909,11
60209,909,3
60214,909,2
60216,909,2
60227,909,1
60228,909,11
60231,909,1
60232,909,2
60233,909,1
60235,909,3
60236,909,2
60243,909,4
60245,909,1
60246,909,1
60248,909,2
60249,909,4
60252,909,4
60260,909,3
60267,909,5
60277,909,3
60280,909,4
60288,909,4
60290,909,5
60294,909,1
60296,909,15
60297,909,1
60299,909,1
60301,909,34
60304,909,5
60305,909,13
60306,909,3
60307,909,1
60308,909,2
60309,909,1
60310,909,1
60313,909,4
60318,909,1
60319,909,1
60325,909,1
60329,909,2
60334,909,2
60338,909,2
60339,909,2
60342,909,1
60350,909,95
60358,909,316
60359,909,16
60360,909,3
60362,909,1
60364,909,1
60366,909,2
60368,909,1
60370,909,1
60376,909,2
60378,909,1
60380,909,1
60382,909,2
60383,909,1
60395,909,1
60397,909,1
60398,909,1
60402,909,1
60404,909,17
60410,909,4
60415,909,55
60417,909,4
60418,909,1
60424,909,1
60436,909,1
60437,909,9
60443,909,1
60446,909,1
60454,909,2
60473,909,1
60474,909,1
60478,909,3
60479,909,4
60480,909,4
60481,909,3
60488,909,3
60495,909,20
60498,909,14
60499,909,11
60507,909,1
60510,909,1
60514,909,4
60518,909,5
60520,909,5
60522,909,10
60523,909,16
60539,909,2
60543,909,11
60546,909,2
60547,909,1
60548,909,1
60549,909,1
60553,909,15
60555,909,1
60557,909,2
60558,909,7
60561,909,1
60562,909,1
60563,909,15
60567,909,2
60570,909,13
60577,909,3
60578,909,1
60582,909,1
60585,909,2
60586,909,1
60591,909,1
60592,909,82
60594,909,1
60596,909,1
60597,909,1
60599,909,1
60605,909,3
60611,909,1
60612,909,4
60618,909,1
60621,909,2
60622,909,1
60623,909,2
60630,909,1
60632,909,32
60636,909,1
60638,909,9
60639,909,5
60641,909,1
60642,909,1
60644,909,1
60647,909,6
60649,909,16
60650,909,3
60654,909,1
60657,909,1
60660,909,7
60664,909,1
60666,909,2
60667,909,1
60669,909,2
60671,909,1
60673,909,3
60675,909,1
60677,909,12
60678,909,3
60679,909,1
60680,909,4
60681,909,2
60682,909,1
60683,909,3
60684,909,5
60685,909,1
60686,909,33
60687,909,6
60688,909,2
60690,909,3
60692,909,14
60693,909,1
60701,909,1
60702,909,4
60704,909,1
60705,909,4
60706,909,2
60707,909,38
60708,909,6
60709,909,1
60710,909,11
60712,909,1
60713,909,23
60714,909,2
60716,909,2
60717,909,2
60718,909,13
60722,909,4
60723,909,1
60726,909,1
60727,909,1
60729,909,3
60730,909,1
60732,909,14
60733,909,7
60734,909,1
60735,909,7
60739,909,1
60740,909,2
60741,909,3
60743,909,19
60744,909,1
60745,909,1
60746,909,1
60748,909,3
60751,909,1
60752,909,1
60754,909,8
60757,909,8
60758,909,9
60759,909,1
60761,909,1
60762,909,1
60766,909,3
60767,909,5
60768,909,2
60769,909,4
60770,909,4
60778,909,1
60787,909,3
60792,909,1
60796,909,11
60797,909,1
60803,909,1
60814,909,6
60827,909,1
60832,909,1
60836,909,2
60842,909,1
60848,909,1
60868,909,1
60869,909,3
60872,909,1
60873,909,1
60876,909,1
60878,909,1
60880,909,3
60881,909,4
60882,909,1
60904,909,1
60918,909,1
60926,909,13
60932,909,1
60980,909,2
60985,909,8
61016,909,48
61025,909,1
61030,909,6
61034,909,1
61035,909,1
61037,909,157
61038,909,1
61040,909,11
61041,909,3
61046,909,1
61048,909,3
61049,909,1
61050,909,1
61051,909,1
61052,909,122
61060,909,2
61062,909,1
61073,909,11
61079,909,68
61084,909,6
61085,909,1
61087,909,1
61098,909,9
61099,909,1
61104,909,6
61107,909,4
61113,909,1
61115,909,4
61116,909,17
61117,909,1
61119,909,1
61125,909,2
61128,909,1
61130,909,3
61135,909,4
61190,909,1
61200,909,68
61203,909,6
61206,909,1
61207,909,9
61209,909,25
61210,909,31
61225,909,3
61226,909,1
61227,909,5
61228,909,14
61230,909,5
61237,909,1
61253,909,2
61377,909,1
61442,909,7
61463,909,1
61510,909,2
61520,909,1
61523,909,1
61526,909,2
61533,909,1
61535,909,1
61538,909,1
61541,909,1
61542,909,1
61543,909,1
61547,909,1
61548,909,67
61549,909,3
61552,909,2
61553,909,2
61560,909,1
61566,909,2
61571,909,1
61575,909,5
61582,909,2
61589,909,2
61604,909,1
61606,909,3
61607,909,1
61608,909,1
61611,909,1
61612,909,2
61614,909,1
61615,909,1
61616,909,5
61619,909,1
61620,909,2
61621,909,4
61623,909,3
61624,909,1
61625,909,3
61632,909,1
61634,909,1
61636,909,19
61641,909,1
61646,909,1
61649,909,1
61674,909,7
61675,909,1
61697,909,1
61728,909,2
61730,909,1
61731,909,1
61732,909,1
61747,909,2
61782,909,6
61804,909,1
61827,909,1
61853,909,2
61880,909,2
61921,909,1
62007,909,2
62076,909,4
62084,909,1
62086,909,1
62089,909,1
62093,909,1
62095,909,106
62098,909,1
62099,909,1
62100,909,3
62101,909,1
62102,909,2
62112,909,50
62116,909,1
62117,909,2
62118,909,1
62120,909,1
62121,909,3
62123,909,1
62130,909,1
62131,909,1
62134,909,5
62137,909,4
62139,909,1
62144,909,33
62151,909,35
62159,909,4
62161,909,5
62167,909,1
62168,909,5
62170,909,2
62171,909,2
62176,909,13
62179,909,1
62180,909,1
62181,909,3
62185,909,1
62186,909,5
62187,909,2
62188,909,10
62189,909,7
62190,909,1
62193,909,5
62198,909,2
62199,909,1
62201,909,1
62204,909,2
62205,909,6
62208,909,1
62209,909,2
62210,909,1
62211,909,1
62213,909,2
62214,909,3
62216,909,1
62221,909,2
62228,909,2
62237,909,1
62238,909,1
62267,909,1
62272,909,1
62287,909,1
62307,909,1
62310,909,1
62313,909,2
62315,909,7
62318,909,2
62319,909,1
62320,909,1
62343,909,1
62351,909,1
62359,909,1
62361,909,6
62362,909,4
62363,909,3
62379,909,2
62397,909,3
62398,909,1
62399,909,5
62491,909,10
62497,909,2
62500,909,2
62506,909,2
62507,909,4
62510,909,69
62514,909,7
62516,909,8
62526,909,2
62527,909,1
62528,909,1
62529,909,2
62530,909,3
62540,909,8
62541,909,5
62542,909,2
62545,909,11
62548,909,7
62556,909,1
62559,909,1
62565,909,1
62618,909,1
62647,909,3
62725,909,1
62729,909,1
62734,909,4
62753,909,1
62763,909,6
62774,909,1
62785,909,1
62787,909,1
62791,909,1
62793,909,3
62794,909,1
62798,909,1
62799,909,1
62805,909,1
62810,909,1
62814,909,1
62817,909,1
62819,909,1
62823,909,1
62827,909,1
62828,909,2
62830,909,1
62834,909,6
62836,909,1
62838,909,1
62840,909,28
62845,909,32
62848,909,3
62849,909,5
62850,909,1
62851,909,2
62857,909,1
62861,909,12
62866,909,3
62872,909,71
62873,909,2
62875,909,10
62887,909,14
62894,909,45
62898,909,1
62904,909,1
62906,909,30
62907,909,2
62908,909,1
62911,909,6
62915,909,2
62917,909,1
62919,909,12
62920,909,1
62922,909,15
62923,909,17
62924,909,1
62934,909,6
62936,909,3
62938,909,2
62941,909,1
62942,909,1
62944,909,34
62960,909,1
62976,909,1
62981,909,5
62983,909,1
62985,909,1
62995,909,4
63004,909,10
63024,909,2
63026,909,9
63035,909,1
63042,909,3
63043,909,9
63047,909,1
63049,909,3
63059,909,1
63060,909,9
63075,909,1
63090,909,2
63095,909,6
63115,909,1
63116,909,2
63119,909,5
63122,909,2
63124,909,8
63125,909,2
63128,909,1
63129,909,1
63140,909,2
63237,909,3
63262,909,1
63273,909,1
63292,909,7
63294,909,2
63325,909,1
63332,909,2
63334,909,1
63414,909,110
63419,909,4
63425,909,3
63442,909,1
63453,909,1
63462,909,1
63467,909,6
63469,909,3
63487,909,1
63503,909,4
63511,909,1
63516,909,1
63518,909,1
63536,909,1
63543,909,1
63545,909,1
63552,909,2
63554,909,1
63564,909,5
63589,909,1
63604,909,1
63640,909,1
63655,909,3
63670,909,1
63671,909,1
63714,909,3
63745,909,3
63773,909,1
63802,909,5
63806,909,2
63810,909,8
63811,909,1
63812,909,22
63819,909,1
63829,909,7
63833,909,1
63834,909,3
63835,909,1
63837,909,1
63838,909,3
63839,909,1
63844,909,4
63846,909,1
63847,909,1
63850,909,6
63857,909,295
63864,909,68
63872,909,5
63873,909,1
63874,909,5
63881,909,5
63884,909,1
63888,909,1
63893,909,10
63896,909,7
63897,909,10
63898,909,1
63899,909,2
63900,909,7
63902,909,1
63904,909,5
63907,909,1
63909,909,1
63911,909,1
63915,909,8
63917,909,7
63918,909,2
63920,909,2
63921,909,2
63922,909,3
63948,909,1
63985,909,2
63987,909,1
63988,909,4
63989,909,8
63990,909,8
63996,909,1
64001,909,5
64017,909,1
64018,909,1
64054,909,1
64062,909,1
64064,909,2
64069,909,5
64080,909,2
64099,909,40
64102,909,33
64104,909,944
64113,909,1
64119,909,4
64122,909,1
64123,909,1
64127,909,1
64128,909,5
64129,909,2
64130,909,1
64131,909,37
64134,909,1
64139,909,4
64143,909,1
64144,909,1
64146,909,1
64147,909,1
64168,909,2
64173,909,3
64174,909,1
64195,909,2
64206,909,8
64216,909,2
64230,909,8
64231,909,1
64234,909,2
64237,909,1
64243,909,1
64244,909,1
64255,909,1
64280,909,4
64306,909,1
64307,909,1
64308,909,2
64309,909,1
64320,909,1
64346,909,1
64348,909,1
64351,909,5
64376,909,33
64378,909,1
64379,909,1
64385,909,13
64386,909,1
64388,909,31
64389,909,8
64390,909,1
64391,909,3
64394,909,2
64396,909,55
64399,909,1
64400,909,7
64401,909,2
64402,909,1
64406,909,1
64408,909,1
64410,909,1
64412,909,2
64415,909,1
64418,909,1
64419,909,1
64424,909,10
64428,909,1
64433,909,8
64440,909,12
64442,909,15
64443,909,1
64445,909,1
64449,909,1
64450,909,1
64452,909,14
64455,909,2
64457,909,1
64459,909,1
64462,909,1
64464,909,2
64467,909,1
64474,909,2
64477,909,1
64479,909,1
64480,909,1
64481,909,1
64482,909,3
64512,909,2
64521,909,1
64523,909,1
64525,909,1
64533,909,1
64539,909,4
64546,909,1
64554,909,2
64572,909,1
64580,909,1
64596,909,2
64601,909,2
64603,909,2
64661,909,1
64664,909,2
64665,909,4
64671,909,4
64678,909,16
64682,909,12
64684,909,7
64690,909,1
64696,909,1
64700,909,1
64707,909,4
64709,909,18
64724,909,4
64726,909,1
64782,909,2
64788,909,10
64789,909,1
64793,909,1
64794,909,25
64796,909,2
64797,909,4
64799,909,7
64800,909,10
64802,909,3
64803,909,14
64807,909,14
64808,909,1
64810,909,7
64818,909,7
64819,909,36
64820,909,2
64824,909,43
64830,909,3
64831,909,14
64836,909,2
64840,909,2
64843,909,3
64847,909,5
64848,909,2
64851,909,3
64852,909,4
64854,909,5
64860,909,1
64865,909,98
64869,909,27
64870,909,1
64873,909,49
64875,909,1
64876,909,8
64878,909,1
64879,909,1
64880,909,3
64881,909,2
64883,909,57
64884,909,1
64887,909,12
64889,909,7
64893,909,1
64894,909,14
64896,909,1
64897,909,9
64898,909,2
64901,909,2
64903,909,1
64905,909,4
64907,909,1
64909,909,2
64923,909,3
64936,909,1
64938,909,2
64940,909,1
64945,909,1
64947,909,3
64948,909,3
64949,909,1
64951,909,3
64991,909,1
65001,909,3
65008,909,1
65014,909,2
65018,909,1
65022,909,15
65032,909,6
65044,909,184
65049,909,3
65056,909,1
65068,909,1
65075,909,1
65076,909,1
65090,909,1
65124,909,10
65126,909,1
65132,909,1
65135,909,2
65168,909,1
65190,909,1
65205,909,2
65247,909,3
65255,909,1
65261,909,4
65271,909,1
65282,909,1
65310,909,1
65311,909,1
65312,909,2
65319,909,1
65320,909,4
65321,909,2
65439,909,1
65445,909,1
65464,909,1
65470,909,232
65471,909,32
65480,909,1
65482,909,2
65488,909,3
65492,909,2
65498,909,1
65516,909,2
65535,909,1
65546,909,1
65560,909,1
65566,909,15
65583,909,3
65592,909,1
65606,909,3
65615,909,1
65616,909,2
65620,909,1
65632,909,3
65644,909,1
65645,909,1
65647,909,1
65649,909,1
65653,909,1
65660,909,1
65676,909,2
65680,909,2
65685,909,21
65687,909,1
65688,909,1
65689,909,5
65690,909,1
65692,909,1
65712,909,2
65719,909,1
65727,909,1
65732,909,1
65736,909,1
65740,909,2
65745,909,5
65748,909,3
65775,909,1
65810,909,1
65842,909,5
65874,909,1
65881,909,9
65886,909,1
65891,909,42
65899,909,1
65903,909,1
65908,909,1
65912,909,2
65920,909,1
65924,909,4
65931,909,1
65932,909,1
65940,909,6
65941,909,1
65944,909,53
65951,909,23
65953,909,1
65957,909,1
65964,909,1
65965,909,1
65968,909,1
66049,909,1
66054,909,1
66055,909,4
66056,909,1
66063,909,25
66064,909,1
66065,909,2
66067,909,1
66069,909,17
66073,909,2
66074,909,2
66075,909,303
66079,909,24
66080,909,3
66081,909,1
66088,909,1
66092,909,12
66093,909,2
66094,909,1
66095,909,2
66096,909,4
66097,909,2
66099,909,16
66100,909,6
66106,909,3
66107,909,6
66109,909,3
66110,909,2
66113,909,10
66116,909,32
66124,909,27
66125,909,2
66128,909,2
66129,909,2
66131,909,114
66138,909,1
66141,909,8
66143,909,8
66147,909,4
66149,909,1
66150,909,9
66152,909,19
66153,909,3
66154,909,1
66158,909,13
66159,909,5
66161,909,7
66162,909,3
66163,909,1
66167,909,18
66168,909,1
66169,909,1
66170,909,93
66171,909,16
66175,909,9
66180,909,7
66181,909,1
66183,909,6
66186,909,4
66187,909,2
66189,909,2
66190,909,4
66191,909,3
66192,909,1
66194,909,1
66195,909,5
66197,909,3
66264,909,1
66288,909,1
66289,909,10
66290,909,6
66291,909,1
66292,909,1
66293,909,45
66294,909,106
66295,909,511
66296,909,93
66297,909,16
66298,909,238
66299,909,4
66300,909,1
66301,909,407
66303,909,1
66304,909,49
66305,909,9
66306,909,2
66307,909,1
66308,909,3
66309,909,1
66310,909,6
66311,909,1
66312,909,2
66313,909,1
66314,909,12
66315,909,2
66316,909,3
66317,909,10
66318,909,6
66319,909,3
66320,909,16
66321,909,5
66322,909,1
66323,909,164
66324,909,1
66325,909,5
66326,909,31
66327,909,4
66328,909,91
66329,909,1
66330,909,1
66331,909,1
66332,909,6
66333,909,19
66334,909,16
66335,909,16
66336,909,3
66337,909,6
66338,909,27
66339,909,11
66340,909,511
66341,909,21
66342,909,12
66343,909,2
66344,909,1
66345,909,3
66346,909,3
66347,909,10
66348,909,1776
66349,909,3
66350,909,18
66351,909,304
66352,909,3
66353,909,2
66354,909,3
66355,909,2
66356,909,3
66357,909,1
66358,909,13
66359,909,38
66360,909,9
66361,909,1
66367,909,1
66368,909,1
66374,909,4
66376,909,1
66380,909,1
66389,909,1
66392,909,4
66396,909,1
66407,909,1
66413,909,3
66419,909,6
66431,909,5
66444,909,5
66446,909,2
66449,909,41
66450,909,3
66452,909,1
66455,909,7
66465,909,36
66499,909,1
66500,909,37
66503,909,1
66504,909,1
66505,909,116
66506,909,13
66507,909,3
66510,909,1
66512,909,2
66514,909,1
66516,909,2
66518,909,1
66519,909,1
66521,909,2
66522,909,8
66525,909,1
66526,909,4
66528,909,1
66530,909,1
66531,909,23
66532,909,2
66533,909,2
66536,909,1
66537,909,1
66538,909,3
66539,909,3
66540,909,1
66547,909,8
66549,909,2
66550,909,1
66554,909,1
66556,909,1
66558,909,2
66559,909,1
66564,909,1
66570,909,1
66573,909,4
66574,909,2
66575,909,2
66588,909,1
66598,909,3
66652,909,3
66681,909,1
66688,909,2
66700,909,3
66705,909,1
66716,909,2
66739,909,2
66745,909,1
66750,909,1
66759,909,1
66760,909,1
66765,909,1
66771,909,2
66772,909,2
66783,909,4
66792,909,1
66794,909,5
66803,909,9
66809,909,6
66826,909,5
66827,909,3
66847,909,2
66853,909,2
66860,909,14
66861,909,13
66863,909,1
66865,909,8
66879,909,21
66881,909,70
66882,909,1
66892,909,96
66896,909,4
66906,909,15
66907,909,1
66908,909,1
66930,909,2
66939,909,3
67001,909,1
67005,909,1
67013,909,1
67024,909,1
67027,909,2
67047,909,5
67054,909,1
67065,909,3
67067,909,2
67068,909,2
67087,909,1
67090,909,2
67098,909,1
67120,909,3
67127,909,2
67132,909,1
67152,909,2
67160,909,1
67165,909,1
67166,909,1
67177,909,1
67184,909,1
67198,909,1
67203,909,4
67209,909,6
67225,909,2
67238,909,23
67240,909,3
67242,909,8
67243,909,1
67244,909,1
67262,909,17
67284,909,1
67293,909,1
67302,909,8
67329,909,1
67336,909,1
67348,909,1
67353,909,2
67359,909,1
67361,909,1
67365,909,1
67376,909,1
67382,909,1
67384,909,11
67386,909,1
67450,909,1
67452,909,5
67462,909,14
67467,909,1
67471,909,12
67472,909,3
67477,909,2
67479,909,4
67486,909,1
67487,909,6
67493,909,1
67500,909,1
67504,909,5
67505,909,1
67517,909,1
67518,909,1
67525,909,1
67527,909,1
67534,909,1
67536,909,2
67537,909,1
67540,909,1
67541,909,4
67546,909,6
67547,909,4
67548,909,10
67549,909,20
67550,909,3
67552,909,1
67553,909,1
67557,909,1
67563,909,1
67573,909,3
67580,909,48
67581,909,25
67582,909,1
67583,909,1
67590,909,1
67595,909,7
67599,909,2
67600,909,1
67601,909,20
67603,909,1
67604,909,1
67605,909,4
67606,909,1
67613,909,1
67617,909,97
67623,909,3
67625,909,17
67638,909,8
67645,909,115
67652,909,58
67655,909,1
67663,909,1
67667,909,9
67673,909,1
67676,909,3
67682,909,2
67684,909,10
67685,909,9
67686,909,1
67694,909,1
67700,909,9
67707,909,2
67720,909,1
67721,909,6
67731,909,69
67739,909,1
67741,909,1
67744,909,1
67748,909,1
67750,909,31
67752,909,1
67754,909,6
67755,909,1
67762,909,1
67766,909,91
67775,909,10
67788,909,8
67795,909,54
67801,909,71
67804,909,1
67818,909,3
67819,909,1
67823,909,1
67826,909,4
67832,909,7
67834,909,7
67835,909,8
67836,909,2
67844,909,2
67849,909,12
67855,909,4
67857,909,1
67858,909,1
67864,909,5
67869,909,2
67871,909,3
67881,909,8
67886,909,1
67887,909,14
67891,909,32
67893,909,27
67915,909,2
67916,909,8
67917,909,2
67919,909,18
67922,909,3
67929,909,1
67957,909,1
68001,909,2
68003,909,1
68013,909,4
68016,909,2
68019,909,1
68021,909,8
68022,909,4
68023,909,1
68031,909,264
68032,909,1
68033,909,2
68037,909,3
68041,909,3
68042,909,35
68043,909,8
68048,909,6
68049,909,1
68050,909,5
68061,909,3
68062,909,35
68065,909,2
68066,909,6
68067,909,2
68069,909,9
68070,909,8
68072,909,1
68076,909,1
68077,909,12
68079,909,4
68080,909,2
68082,909,5
68083,909,13
68086,909,12
68094,909,9
68098,909,1
68100,909,1
68101,909,15
68108,909,1
68110,909,1
68111,909,11
68114,909,11
68118,909,1
68121,909,1
68122,909,12
68124,909,16
68128,909,3
68130,909,46
68131,909,2
68133,909,4
68134,909,1
68135,909,106
68136,909,1
68139,909,14
68140,909,41
68141,909,9
68142,909,2
68143,909,7
68144,909,2
68145,909,3
68148,909,12
68150,909,1
68153,909,3
68154,909,2
68156,909,2
68157,909,1
68159,909,1
68160,909,2
68163,909,1
68164,909,5
68165,909,1
68166,909,1
68169,909,7
68179,909,19
68184,909,63
68185,909,3
68186,909,1
68216,909,25
68220,909,1
68221,909,6
68226,909,80
68227,909,5
68228,909,1
68232,909,1
68234,909,1
68242,909,1
68243,909,13
68246,909,1
68249,909,1
68254,909,1
68256,909,3
68267,909,1
68274,909,1
68286,909,1
68303,909,1
68310,909,4
68313,909,1
68320,909,5
68324,909,1
68325,909,2
68330,909,5
68334,909,1
68337,909,4
68343,909,1
68350,909,1
68357,909,28
68370,909,1
68377,909,1
68386,909,1
68388,909,1
68396,909,11
68401,909,3
68402,909,2
68409,909,2
68411,909,6
68412,909,1
68422,909,2
68428,909,1
68431,909,1
68435,909,1
68436,909,1
68442,909,3
68451,909,10
68456,909,2
68461,909,35
68462,909,3
68466,909,1
68468,909,3
68478,909,1
68479,909,20
68482,909,1
68485,909,1
68486,909,1
68492,909,3
68497,909,4
68498,909,1
68501,909,6
68507,909,2
68513,909,2
68521,909,1
68522,909,1
68524,909,1
68531,909,1
68533,909,2
68534,909,8
68537,909,3
68538,909,3
68541,909,2
68543,909,2
68544,909,1
68546,909,11
68547,909,13
68548,909,4
68550,909,1
68555,909,1
68559,909,1
68568,909,1
68571,909,2
68572,909,1
68575,909,1
68579,909,1
68580,909,1
68581,909,1
68587,909,8
68589,909,1
68591,909,1
68592,909,1
68594,909,2
68595,909,4
68596,909,207
68601,909,5
68602,909,5
68603,909,12
68605,909,1
68607,909,1
68609,909,3
68611,909,1
68613,909,1
68614,909,5
68616,909,1
68617,909,2
68618,909,1
68620,909,1
68621,909,3
68627,909,7
68628,909,1
68629,909,1
68630,909,2
68631,909,5
68632,909,6
68635,909,3
68638,909,1
68639,909,2
68646,909,4
68648,909,4
68655,909,5
68657,909,2
68658,909,4
68660,909,1
68661,909,25
68664,909,1
68666,909,120
68667,909,2
68668,909,4
68669,909,5
68670,909,6
68672,909,1
68673,909,1
68674,909,3
68677,909,5
68679,909,1
68681,909,3
68682,909,1
68683,909,1
68685,909,1
68686,909,1
68688,909,2
68689,909,2
68691,909,1
68692,909,2
68693,909,3
68700,909,62
68702,909,1
68709,909,2
68714,909,8
68718,909,2
68719,909,1
68720,909,1
68721,909,205
68722,909,1
68724,909,15
68725,909,3
68730,909,2
68731,909,1
68732,909,4
68733,909,1
68734,909,1
68735,909,1
68736,909,159
68743,909,2
68745,909,1
68755,909,15
68761,909,89
68766,909,8
68767,909,1
68769,909,1
68779,909,12
68780,909,2
68784,909,8
68785,909,1
68787,909,5
68793,909,1
68795,909,5
68796,909,22
68797,909,1
68799,909,1
68803,909,2
68805,909,1
68807,909,4
68812,909,5
68820,909,2
68822,909,1
68823,909,3
68827,909,211
68828,909,20
68830,909,23
68831,909,2
68833,909,8
68835,909,4
68836,909,149
68837,909,10
68839,909,1
68840,909,1
68843,909,24
68844,909,1
68846,909,7
68847,909,1
68848,909,1
68850,909,3
68860,909,10
68861,909,1
68863,909,1
68864,909,4
68865,909,4
68877,909,1
68878,909,2
68880,909,1
68892,909,1
68896,909,12
68899,909,1
68922,909,2
68927,909,1
68959,909,7
68960,909,1
68967,909,3
68968,909,1
68969,909,1
68971,909,1
68972,909,2
68976,909,3
68977,909,1
68978,909,199
68981,909,1
68982,909,3
68983,909,5
68984,909,1
68985,909,4
68991,909,1
68995,909,94
68999,909,2
69000,909,4
69001,909,2
69003,909,2
69004,909,6
69006,909,1
69010,909,1
69011,909,1
69013,909,1
69014,909,2
69017,909,10
69020,909,8
69022,909,1
69027,909,62
69034,909,66
69037,909,1
69042,909,8
69044,909,8
69050,909,1
69051,909,9
69053,909,4
69054,909,3
69055,909,1
69059,909,24
69062,909,2
69063,909,2
69064,909,5
69067,909,1
69068,909,2
69069,909,9
69070,909,3
69071,909,18
69072,909,13
69073,909,3
69076,909,9
69078,909,1
69081,909,4
69082,909,1
69084,909,1
69087,909,3
69088,909,11
69091,909,2
69092,909,4
69093,909,2
69094,909,1
69095,909,3
69096,909,5
69098,909,2
69099,909,2
69101,909,1
69104,909,14
69105,909,1
69106,909,1
69114,909,15
69116,909,1
69124,909,6
69125,909,13
69129,909,2
69130,909,3
69131,909,1
69132,909,4
69138,909,1
69143,909,2
69150,909,2
69158,909,8
69160,909,2
69163,909,5
69164,909,1
69167,909,4
69174,909,4
69180,909,2
69181,909,4
69191,909,1
69194,909,1
69202,909,1
69204,909,3
69205,909,6
69208,909,1
69210,909,9
69211,909,1
69213,909,14
69215,909,63
69216,909,1
69218,909,18
69219,909,5
69220,909,11
69222,909,2
69223,909,2
69224,909,1
69225,909,1
69227,909,1
69232,909,2
69234,909,1
69238,909,1
69245,909,5
69257,909,1
69258,909,1
69335,909,6
69339,909,1
69341,909,1
69346,909,1
69347,909,3
69350,909,44
69353,909,4
69355,909,5
69363,909,1
69366,909,2
69367,909,2
69374,909,5
69375,909,3
69376,909,1
69379,909,7
69382,909,4
69390,909,1
69395,909,1
69418,909,1
69421,909,1
69422,909,2
69427,909,5
69429,909,1
69431,909,1
69432,909,23
69436,909,27
69439,909,2
69440,909,4
69441,909,1
69442,909,2
69447,909,1
69451,909,10
69454,909,3
69459,909,59
69460,909,1
69462,909,8
69471,909,12
69477,909,37
69480,909,1
69486,909,1
69488,909,25
69489,909,2
69492,909,5
69496,909,1
69498,909,1
69499,909,10
69500,909,1
69502,909,13
69503,909,14
69504,909,1
69512,909,5
69514,909,3
69516,909,1
69519,909,1
69520,909,1
69522,909,28
69536,909,2
69542,909,6
69550,909,1
69562,909,3
69564,909,14
69573,909,2
69576,909,1
69580,909,5
69581,909,14
69585,909,1
69587,909,4
69597,909,1
69598,909,15
69613,909,2
69615,909,1
69627,909,3
69631,909,11
69632,909,1
69649,909,1
69650,909,3
69652,909,7
69655,909,4
69657,909,12
69658,909,4
69659,909,1
69660,909,2
69661,909,2
69666,909,1
69672,909,3
69677,909,1
69720,909,21
69728,909,3
69736,909,1
69737,909,1
69738,909,3
69743,909,4
69744,909,1
69745,909,11
69756,909,6
69759,909,1
69762,909,1
69763,909,1
69770,909,2
69775,909,52
69776,909,1
69778,909,13
69782,909,1
69788,909,1
69789,909,1
69795,909,1
69797,909,1
69804,909,1
69806,909,2
69807,909,1
69810,909,10
69815,909,1
69817,909,16
69818,909,2
69819,909,6
69820,909,1
69821,909,1
69822,909,1
69823,909,1
69826,909,1
69831,909,2
69836,909,1
69843,909,1
69844,909,1
69847,909,12
69865,909,1
69873,909,1
69882,909,1
69887,909,5
69889,909,2
69905,909,1
69920,909,3
69925,909,1
69930,909,1
69932,909,1
69947,909,1
69953,909,1
69959,909,2
69961,909,1
69971,909,4
69986,909,17
69998,909,3
70002,909,49
70005,909,5
70006,909,1
70011,909,1
70013,909,1
70015,909,1
70017,909,4
70020,909,1
70026,909,3
70027,909,24
70030,909,2
70032,909,2
70038,909,4
70041,909,3
70043,909,1
70064,909,1
70091,909,1
70143,909,2
70174,909,2
70246,909,1
70247,909,1
70265,909,1
70266,909,1
70360,909,1
70364,909,2
70375,909,1
70387,909,14
70388,909,11
70390,909,328
70403,909,2
70410,909,2
70411,909,1
70413,909,13
70420,909,1
70432,909,19
70433,909,11
70444,909,1
70450,909,12
70451,909,4
70454,909,3
70455,909,2
70460,909,3
70462,909,2
70464,909,1
70470,909,4
70482,909,3
70483,909,2
70487,909,12
70490,909,7
70494,909,55
70501,909,1
70505,909,1
70508,909,1
70514,909,1
70516,909,1
70524,909,1
70526,909,1
70528,909,3
70531,909,1
70533,909,403
70534,909,1
70535,909,12
70536,909,7
70537,909,3
70538,909,4
70539,909,1
70540,909,1
70542,909,159
70543,909,7
70544,909,5
70545,909,383
70546,909,97
70547,909,8
70548,909,42
70549,909,3
70550,909,24
70551,909,1
70552,909,675
70554,909,1
70555,909,7
70556,909,82
70557,909,19
70558,909,17
70560,909,2
70561,909,1
70562,909,7
70563,909,3
70564,909,18
70565,909,3
70566,909,7
70567,909,1
70568,909,30
70569,909,1
70570,909,2
70571,909,7
70572,909,3
70574,909,8
70575,909,8
70576,909,1
70577,909,1
70579,909,1
70580,909,121
70582,909,6
70583,909,3
70584,909,14
70587,909,3
70589,909,94
70591,909,3
70592,909,2
70594,909,1
70596,909,142
70597,909,1
70598,909,190
70599,909,11
70600,909,3
70601,909,11
70604,909,1
70605,909,12
70606,909,12
70608,909,169
70609,909,5
70610,909,6
70611,909,20
70613,909,18
70615,909,10
70616,909,2
70617,909,2
70618,909,17
70619,909,5
70620,909,21
70623,909,12
70625,909,4
70627,909,2
70628,909,1
70629,909,2
70630,909,24
70631,909,6
70632,909,5
70633,909,16
70634,909,5
70635,909,9
70636,909,14
70637,909,7
70638,909,40
70645,909,1
70658,909,1
70679,909,2
70698,909,1
70713,909,1
70737,909,2
70742,909,6
70745,909,1
70747,909,2
70748,909,2
70750,909,1
70751,909,3
70755,909,3
70758,909,2
70765,909,2
70766,909,8
70767,909,1
70769,909,10
70774,909,1
70775,909,3
70783,909,1
70786,909,1
70787,909,1
70790,909,1
70791,909,1
70793,909,1
70801,909,23
70805,909,7
70808,909,12
70811,909,2
70815,909,1
70817,909,14
70820,909,3
70821,909,2
70826,909,3
70829,909,2
70833,909,1
70836,909,1
70850,909,1
70864,909,1
70876,909,1
70877,909,1
70897,909,1
70907,909,1
70909,909,1
70911,909,6
70917,909,2
70925,909,70
70929,909,1
70939,909,1
70947,909,3
70955,909,3
70956,909,4
70969,909,2
70971,909,2
70983,909,1
70986,909,2
70989,909,2
70992,909,1
70996,909,1
71010,909,46
71012,909,1
71013,909,3
71015,909,1
71019,909,3
71020,909,1
71021,909,2
71022,909,8
71032,909,1
71044,909,2
71058,909,1
71082,909,6
71090,909,2
71096,909,8
71106,909,2
71117,909,1
71119,909,1
71122,909,1
71125,909,1
71134,909,1
71153,909,1
71155,909,1
71156,909,3
71162,909,1
71163,909,2
71164,909,8
71165,909,3
71234,909,56
71235,909,8
71243,909,1
71249,909,1
71252,909,1
71258,909,3
71275,909,5
71277,909,1
71288,909,2
71290,909,1
71294,909,2
71301,909,2
71305,909,36
71315,909,7
71320,909,3
71334,909,2
71343,909,1
71344,909,2
71348,909,1
71360,909,3
71371,909,1
71374,909,1
71387,909,1
71402,909,2
71406,909,2
71411,909,17
71415,909,4
71416,909,1
71418,909,1
71438,909,1
71445,909,2
71448,909,1
71453,909,3
71458,909,2
71461,909,1
71462,909,1
71463,909,1
71466,909,3
71472,909,11
71476,909,6
71492,909,1
71499,909,10
71504,909,1
71509,909,43
71517,909,1
71521,909,1
71526,909,1
71530,909,2
71536,909,1
71539,909,4
71546,909,1
71547,909,1
71555,909,6
71556,909,1
71558,909,54
71564,909,23
71566,909,1
71570,909,1
71575,909,1
71576,909,1
71578,909,1
71592,909,1
71598,909,1
71601,909,1
71671,909,1
71672,909,3
71673,909,1
71679,909,18
71681,909,1
71683,909,1
71685,909,12
71689,909,1
71690,909,2
71691,909,212
71695,909,17
71696,909,2
71708,909,8
71709,909,2
71710,909,1
71711,909,1
71712,909,3
71713,909,1
71715,909,11
71716,909,4
71721,909,2
71722,909,4
71724,909,2
71725,909,1
71728,909,7
71731,909,22
71739,909,19
71740,909,1
71743,909,1
71744,909,2
71746,909,80
71753,909,1
71756,909,6
71758,909,6
71762,909,3
71764,909,1
71765,909,7
71767,909,13
71768,909,2
71769,909,1
71773,909,9
71774,909,4
71776,909,5
71777,909,2
71778,909,1
71782,909,12
71785,909,65
71786,909,11
71790,909,6
71795,909,5
71796,909,1
71797,909,5
71800,909,3
71801,909,2
71803,909,2
71804,909,2
71805,909,2
71806,909,1
71807,909,1
71808,909,4
71810,909,2
71851,909,1
71881,909,1
71910,909,3
71911,909,1
71917,909,7
71919,909,2
71922,909,1
71923,909,1
71926,909,1
71927,909,1
71928,909,1
71930,909,1
71931,909,1
71932,909,2
71935,909,7
71940,909,2
71943,909,1
71952,909,2
71959,909,6
71965,909,11
71966,909,1
71982,909,9
71983,909,1
71989,909,1
71991,909,1
71998,909,10
72000,909,3
72001,909,1
72003,909,83
72004,909,6
72007,909,1
72010,909,15
72022,909,72
72051,909,93
72054,909,1
72055,909,3
72062,909,10
72064,909,1
72067,909,2
72068,909,1
72071,909,2
72072,909,6
72076,909,3
72077,909,2
72086,909,1
72087,909,7
72088,909,1
72089,909,1
72092,909,8
72096,909,1
72100,909,2
72101,909,12
72106,909,83
72114,909,10
72119,909,6
72121,909,12
72122,909,1
72134,909,7
72135,909,19
72140,909,3
72143,909,52
72146,909,3
72149,909,2
72150,909,16
72151,909,1
72152,909,3
72153,909,1
72154,909,3
72155,909,98
72156,909,6
72161,909,37
72162,909,1
72172,909,66
72173,909,1
72189,909,2
72195,909,1
72200,909,1
72201,909,1
72209,909,1
72210,909,1
72214,909,1
72220,909,2
72221,909,2
72232,909,5
72241,909,1
72243,909,6
72252,909,10
72258,909,6
72274,909,6
72275,909,3
72295,909,2
72301,909,3
72308,909,17
72309,909,16
72311,909,1
72312,909,2
72325,909,5
72326,909,16
72335,909,22
72346,909,3
72369,909,1
72415,909,1
72421,909,1
72435,909,1
72453,909,3
72484,909,1
72485,909,1
72492,909,8
72494,909,1
72497,909,2
72498,909,2
72500,909,5
72501,909,1
72502,909,1
72505,909,2
72506,909,4
72517,909,5
72524,909,2
72529,909,1
72537,909,4
72542,909,13
72548,909,22
72564,909,6
72565,909,1
72571,909,1
72572,909,1
72577,909,81
72579,909,12
72580,909,1
72581,909,29
72582,909,4
72583,909,5
72585,909,1
72588,909,1
72591,909,1
72597,909,1
72601,909,59
72604,909,1
72621,909,2
72658,909,1
72682,909,3
72699,909,1
72707,909,1
72757,909,1
72758,909,1
72782,909,10
72783,909,5
72794,909,1
72798,909,4
72801,909,1
72811,909,19
72815,909,1
72817,909,3
72828,909,2
72833,909,23
72839,909,12
72850,909,2
72857,909,1
72865,909,2
72866,909,2
72878,909,2
72886,909,15
72889,909,1
72891,909,2
72895,909,1
72897,909,1
72908,909,3
72920,909,1
72935,909,4
72952,909,2
72953,909,3
72980,909,1
72989,909,1
73002,909,1
73006,909,2
73009,909,5
73011,909,4
73028,909,1
73030,909,3
73061,909,6
73069,909,1
73087,909,1
73145,909,1
73150,909,2
73153,909,1
73183,909,1
73184,909,2
73188,909,1
73251,909,1
73256,909,1
73258,909,4
73259,909,1
73262,909,2
73265,909,1
73267,909,5
73268,909,1
73269,909,1
73270,909,3
73274,909,2
73275,909,1
73278,909,2
73279,909,1
73280,909,1
73283,909,2
73286,909,1
73287,909,1
73288,909,1
73290,909,1
73292,909,1
73310,909,1
73326,909,1
73404,909,7
73443,909,1
73446,909,4
73473,909,2
73485,909,8
73488,909,1
73498,909,6
73507,909,1
73509,909,3
73527,909,1
73559,909,17
73561,909,1
73564,909,2
73565,909,6
73566,909,8
73577,909,1
73579,909,1
73580,909,3
73582,909,1
73602,909,1
73619,909,8
73623,909,3
73650,909,1
73653,909,2
73655,909,2
73665,909,1
73672,909,1
73700,909,1
73714,909,17
73730,909,8
73748,909,1
73750,909,1
73753,909,5
73759,909,6
73765,909,1
73767,909,1
73772,909,1
73778,909,2
73787,909,1
73789,909,2
73790,909,1
73794,909,1
73802,909,1
73915,909,1
73929,909,1
73939,909,1
73942,909,9
73944,909,1
73946,909,1
73962,909,1
73963,909,1
73966,909,1
73969,909,1
73995,909,1
74113,909,3
74115,909,17
74124,909,2
74127,909,1
74131,909,6
74132,909,17
74136,909,1
74138,909,5
74148,909,1
74149,909,18
74163,909,2
74165,909,1
74168,909,1
74176,909,3
74180,909,12
74181,909,1
74197,909,1
74198,909,4
74200,909,9
74203,909,5
74205,909,15
74206,909,5
74207,909,1
74208,909,3
74209,909,2
74211,909,1
74214,909,1
74219,909,3
74224,909,1
74308,909,1
74363,909,2
74364,909,1
74374,909,3
74383,909,2
74387,909,1
74388,909,14
74390,909,6
74401,909,1
74408,909,3
74424,909,9
74431,909,2
74436,909,2
74438,909,2
74456,909,2
74463,909,1
74465,909,2
74472,909,5
74474,909,3
74476,909,1
74484,909,11
74499,909,1
74601,909,1
74673,909,7
74727,909,1
74739,909,2
74836,909,1
74885,909,1
74935,909,2
75120,909,1
75133,909,2
75141,909,3
75143,909,1
75147,909,1
75148,909,1
75149,909,1
75157,909,1
75194,909,2
75278,909,1
75329,909,1
75333,909,3
75356,909,3
75358,909,1
75387,909,1
75392,909,1
75396,909,13
75398,909,1
75415,909,1
75426,909,1
75429,909,1
75436,909,5
75450,909,1
75454,909,1
75460,909,1
75463,909,4
75464,909,1
75495,909,1
75570,909,3
75575,909,1
75584,909,2
75586,909,1
75587,909,3
75592,909,1
75598,909,12
75609,909,1
75619,909,1
75633,909,1
75638,909,1
75647,909,2
75652,909,11
75660,909,1
75665,909,1
75667,909,2
75680,909,1
75681,909,2
75688,909,7
75695,909,2
75700,909,13
75701,909,1
75705,909,5
75716,909,9
75762,909,1
75772,909,1
75777,909,2
75781,909,1
75801,909,1
75811,909,8
75812,909,1
75813,909,1
75840,909,4
75850,909,17
75852,909,1
75853,909,1
75876,909,2
75885,909,3
75939,909,1
75981,909,1
75994,909,1
76012,909,1
76064,909,1
76073,909,1
76077,909,1
76115,909,1
76116,909,1
76134,909,8
76135,909,4
76145,909,1
76149,909,3
76152,909,1
76161,909,16
76165,909,3
76176,909,1
76178,909,19
76183,909,9
76190,909,1
76200,909,2
76201,909,1
76213,909,1
76221,909,9
76231,909,4
76234,909,1
76243,909,12
76245,909,1
76249,909,1
76251,909,7
76252,909,9
76264,909,1
76266,909,1
76267,909,1
76276,909,2
76281,909,1
76287,909,1
76289,909,2
76290,909,5
76291,909,4
76299,909,1
76301,909,3
76323,909,8
76331,909,1
76345,909,1
76391,909,1
76395,909,3
76398,909,1
76431,909,23
76436,909,77
76437,909,4
76438,909,1
76450,909,1
76454,909,1
76470,909,1
76522,909,1
76576,909,1
76644,909,2
76681,909,1
76703,909,3
76714,909,9
76716,909,1
76726,909,7
76732,909,1
76734,909,4
76739,909,1
76749,909,1
76762,909,1
76778,909,1
76794,909,18
76810,909,9
76819,909,1
76830,909,1
76833,909,1
76837,909,6
76843,909,6
76850,909,1
76852,909,1
76858,909,1
76864,909,2
76869,909,1
76873,909,1
76875,909,2
76876,909,1
76880,909,1
76889,909,1
76939,909,1
76950,909,7
76954,909,2
76955,909,1
76958,909,2
76959,909,3
76962,909,50
76964,909,5
76965,909,6
76970,909,2
76971,909,1
76972,909,1
76973,909,2
76974,909,2
76978,909,6
76979,909,4
76980,909,2
76982,909,8
76984,909,5
76989,909,1
76991,909,1
77015,909,1
77050,909,3
77052,909,16
77060,909,2
77063,909,1
77066,909,6
77067,909,16
77070,909,1
77072,909,5
77081,909,1
77082,909,17
77094,909,2
77096,909,1
77105,909,3
77109,909,12
77110,909,1
77124,909,1
77125,909,4
77127,909,8
77130,909,4
77131,909,14
77132,909,4
77133,909,1
77134,909,2
77135,909,2
77137,909,1
77140,909,1
77143,909,3
77147,909,1
77163,909,1
77167,909,2
77192,909,1
77200,909,1
77204,909,3
77206,909,1
77218,909,1
77231,909,2
77234,909,1
77239,909,1
77250,909,1
77260,909,1
77262,909,1
77271,909,3
77318,909,2
77332,909,1
77362,909,1
77393,909,18
77395,909,4
77415,909,1
77418,909,1
77463,909,1
77464,909,1
77466,909,25
77479,909,1
77495,909,1
77501,909,1
77506,909,1
77553,909,1
77606,909,1
77609,909,3
77613,909,1
77614,909,1
77617,909,1
77618,909,1
77620,909,1
77621,909,1
77622,909,4
77624,909,5
77628,909,1
77638,909,1
77640,909,10
77642,909,3
77645,909,5
77647,909,1
77652,909,6
77655,909,1
77656,909,1
77658,909,1
77660,909,1
77677,909,2
77713,909,4
77723,909,1
77743,909,1
77753,909,1
77756,909,1
77761,909,2
77765,909,1
77784,909,1
77787,909,1
77788,909,2
77789,909,1
77818,909,27
77819,909,4
77834,909,2
77927,909,1
77950,909,2
77955,909,2
77959,909,29
77961,909,2
77972,909,1
77978,909,2
77979,909,1
77984,909,1
77988,909,1
77989,909,3
77992,909,3
77999,909,11
78002,909,1
78004,909,1
78011,909,1
78013,909,2
78017,909,1
78020,909,1
78024,909,2
78027,909,9
78028,909,1
78032,909,1
78036,909,1
78038,909,1
78055,909,29
78057,909,1
78059,909,2
78060,909,1
78071,909,1
78073,909,2
78083,909,2
78087,909,3
78092,909,2
78098,909,3
78099,909,1
78102,909,21
78103,909,2
78105,909,4
78111,909,18
78125,909,4
78146,909,1
78147,909,4
78151,909,1
78155,909,1
78159,909,2
78162,909,1
78167,909,4
78170,909,2
78173,909,3
78212,909,1
78222,909,1
78226,909,2
78230,909,1
78247,909,1
78254,909,7
78255,909,1
78256,909,1
78275,909,1
78322,909,1
78361,909,1
78377,909,6
78396,909,1
78402,909,1
78414,909,2
78419,909,1
78421,909,1
78433,909,1
78437,909,1
78438,909,8
78439,909,1
78454,909,1
78462,909,2
78469,909,2
78476,909,1
78489,909,1
78512,909,1
78514,909,1
78515,909,3
78570,909,1
78571,909,2
78577,909,15
78578,909,1
78583,909,5
78586,909,10
78590,909,1
78596,909,25
78603,909,3
78604,909,45
78608,909,104
78610,909,88
78614,909,1
78621,909,1
78624,909,1
78633,909,8
78634,909,26
78635,909,6
78638,909,60
78641,909,9
78649,909,4
78653,909,1
78666,909,1
78671,909,2
78672,909,1
78680,909,77
78682,909,1
78685,909,1
78689,909,1
78690,909,10
78691,909,2
78696,909,2
78698,909,1
78708,909,1
78709,909,10
78712,909,1
78713,909,2
78714,909,1
78716,909,3
78717,909,2
78724,909,4
78726,909,1
78727,909,1
78729,909,1
78730,909,4
78733,909,3
78740,909,2
78747,909,4
78755,909,3
78757,909,3
78764,909,3
78766,909,5
78770,909,1
78771,909,13
78772,909,1
78774,909,1
78776,909,31
78779,909,4
78780,909,12
78781,909,3
78782,909,1
78783,909,2
78785,909,1
78788,909,3
78793,909,1
78794,909,1
78799,909,1
78802,909,1
78806,909,2
78812,909,1
78813,909,2
78821,909,1
78825,909,3
78826,909,4
78827,909,4
78828,909,3
78835,909,3
78842,909,20
78844,909,15
78845,909,12
78853,909,1
78856,909,1
78860,909,5
78864,909,5
78866,909,6
78868,909,10
78869,909,17
78883,909,2
78891,909,3
78900,909,10
78905,909,2
78909,909,35
78910,909,3
78914,909,1
78916,909,3
78926,909,1
78927,909,20
78930,909,1
78933,909,1
78934,909,1
78940,909,3
78945,909,4
78946,909,1
78949,909,6
78955,909,2
78961,909,2
78969,909,1
78970,909,1
78972,909,1
78979,909,1
78981,909,2
78982,909,8
78985,909,3
78986,909,3
78989,909,2
78991,909,2
78992,909,1
78994,909,11
78995,909,13
78996,909,4
78998,909,1
79003,909,1
79006,909,1
79015,909,1
79018,909,2
79019,909,1
79033,909,3
79040,909,1
79041,909,1
79042,909,68
79047,909,2
79048,909,2
79049,909,4
79055,909,1
79060,909,2
79063,909,1
79066,909,1
79071,909,2
79075,909,2
79076,909,2
79079,909,1
79082,909,1
79087,909,1
79089,909,1
79095,909,2
79097,909,1
79098,909,1
79101,909,8
79106,909,40
79107,909,1
79108,909,1
79109,909,2
79110,909,2
79114,909,1
79117,909,2
79121,909,1
79127,909,1
79128,909,1
79131,909,1
79132,909,1
79179,909,23
79180,909,2
79182,909,3
79183,909,8
79184,909,10
79194,909,1
79196,909,2
79197,909,5
79199,909,2
79282,909,1
79406,909,1
79412,909,16
79416,909,4
79418,909,3
79424,909,3
79425,909,7
79428,909,113
79432,909,11
79434,909,14
79443,909,4
79444,909,1
79445,909,1
79446,909,4
79447,909,4
79455,909,14
79456,909,8
79457,909,4
79460,909,17
79463,909,12
79470,909,1
79471,909,2
79476,909,2
79510,909,2
79537,909,6
79567,909,1
79575,909,2
79577,909,13
79586,909,2
79589,909,1
79592,909,5
79593,909,13
79596,909,1
79598,909,4
79607,909,1
79608,909,14
79620,909,2
79631,909,2
79635,909,10
79636,909,1
79650,909,1
79651,909,3
79653,909,7
79656,909,4
79657,909,11
79658,909,3
79659,909,1
79660,909,2
79661,909,2
79666,909,1
79669,909,3
79674,909,1
79734,909,1
79793,909,1
79796,909,4
79797,909,2
79807,909,8
79808,909,1
79814,909,1
79816,909,5
79820,909,2
79821,909,35
79822,909,1
79823,909,15
79829,909,1
79834,909,2
79835,909,1
79841,909,7
79848,909,1
79857,909,23
79865,909,6
79870,909,6
79871,909,1
79872,909,4
79879,909,1
79892,909,6
79899,909,4
79901,909,5
79908,909,12
79910,909,6
79911,909,1
79912,909,2
79913,909,1
79917,909,1
79920,909,27
79925,909,1
79926,909,1
79935,909,3
79950,909,1
79955,909,3
79960,909,1
79973,909,1
79974,909,11
79993,909,5
79994,909,3
79995,909,1
79997,909,1
80001,909,2
80013,909,1
80029,909,1
80030,909,1
80031,909,1
80039,909,1
80066,909,1
80073,909,1
80091,909,1
80092,909,1
80184,909,1
80187,909,1
80188,909,4
80194,909,3
80201,909,14
80204,909,10
80205,909,7
80216,909,1
80220,909,1
80225,909,3
80227,909,16
80241,909,4
80243,909,1
80296,909,1
80302,909,6
80306,909,1
80307,909,15
80309,909,1
80310,909,2
80312,909,4
80313,909,6
80315,909,2
80316,909,8
80320,909,8
80323,909,4
80329,909,4
80330,909,21
80331,909,1
80332,909,26
80337,909,2
80338,909,8
80341,909,1
80343,909,1
80344,909,2
80347,909,3
80348,909,1
80351,909,2
80352,909,2
80354,909,3
80357,909,1
80360,909,59
80363,909,16
80366,909,29
80368,909,1
80369,909,5
80373,909,2
80374,909,1
80375,909,34
80376,909,1
80378,909,7
80379,909,4
80382,909,1
80383,909,8
80385,909,1
80386,909,6
80387,909,1
80390,909,1
80393,909,2
80395,909,1
80396,909,1
80407,909,1
80417,909,1
80423,909,1
80424,909,1
80432,909,1
80434,909,1
80464,909,15
80466,909,1
80472,909,1
80474,909,1
80475,909,3
80492,909,1
80499,909,1
80500,909,1
80504,909,3
80552,909,1
80557,909,1
80559,909,1
80564,909,1
80582,909,1
80585,909,1
80587,909,289
80588,909,40
80596,909,1
80598,909,3
80604,909,4
80607,909,3
80608,909,1
80613,909,3
80631,909,5
80633,909,1
80648,909,2
80652,909,1
80657,909,2
80669,909,2
80674,909,36
80691,909,7
80698,909,3
80711,909,5
80719,909,1
80720,909,4
80723,909,1
80725,909,1
80734,909,1
80735,909,5
80745,909,1
80746,909,1
80748,909,1
80750,909,1
80752,909,1
80758,909,1
80768,909,1
80769,909,3
80772,909,3
80777,909,34
80779,909,1
80780,909,1
80781,909,8
80782,909,1
80784,909,1
80804,909,2
80807,909,1
80811,909,1
80812,909,1
80815,909,1
80817,909,2
80821,909,5
80822,909,3
80871,909,1
80891,909,1
80898,909,10
80902,909,1
80907,909,45
80913,909,1
80917,909,1
80921,909,1
80925,909,2
80930,909,1
80931,909,4
80938,909,1
80939,909,1
80946,909,6
80947,909,1
80949,909,55
80954,909,24
80956,909,1
80959,909,1
80963,909,1
80964,909,1
80966,909,1
80981,909,1
80983,909,1
81055,909,1
81073,909,2
81090,909,3
81091,909,2
81092,909,15
81093,909,35
81094,909,167
81095,909,31
81096,909,5
81097,909,78
81098,909,1
81099,909,133
81100,909,16
81101,909,3
81102,909,1
81103,909,1
81104,909,2
81105,909,1
81106,909,4
81107,909,1
81108,909,1
81109,909,3
81110,909,2
81111,909,1
81112,909,5
81113,909,2
81114,909,54
81115,909,2
81116,909,10
81117,909,1
81118,909,30
81119,909,2
81120,909,6
81121,909,5
81122,909,5
81123,909,1
81124,909,2
81125,909,9
81126,909,4
81127,909,167
81128,909,7
81129,909,4
81130,909,1
81131,909,1
81132,909,1
81133,909,3
81134,909,581
81135,909,1
81136,909,6
81137,909,100
81138,909,1
81139,909,1
81140,909,1
81141,909,1
81142,909,1
81143,909,4
81144,909,12
81145,909,3
81167,909,1
81182,909,53
81185,909,1
81186,909,1
81193,909,5
81195,909,1
81198,909,1
81202,909,1
81203,909,3
81207,909,2
81208,909,1
81218,909,4
81223,909,5
81227,909,1
81231,909,1
81233,909,7
81238,909,47
81246,909,6
81251,909,3
81253,909,7
81267,909,4
81268,909,11
81273,909,2
81276,909,29
81279,909,2
81282,909,1
81283,909,9
81284,909,1
81285,909,2
81286,909,1
81287,909,2
81288,909,56
81289,909,3
81294,909,21
81295,909,1
81305,909,38
81318,909,1
81326,909,5
81332,909,2
81336,909,1
81337,909,1
81340,909,1
81345,909,3
81346,909,2
81347,909,1
81348,909,1
81349,909,1
81350,909,2
81355,909,5
81356,909,5
81367,909,10
81376,909,2
81378,909,12
81386,909,20
81392,909,13
81407,909,2
81408,909,1
81429,909,1
81435,909,5
81436,909,4
81444,909,8
81455,909,1
81457,909,1
81458,909,56
81460,909,4
81461,909,5
81466,909,1
81467,909,1
81469,909,1
81470,909,1
81475,909,1
81476,909,1
81479,909,3
81481,909,1
81488,909,1
81491,909,1
81494,909,4
81503,909,18
81504,909,1
81505,909,1
81520,909,2
81527,909,3
81592,909,1
81595,909,1
81605,909,1
81619,909,3
81626,909,1
81636,909,4
81638,909,3
81639,909,3
81658,909,1
81661,909,3
81669,909,1
81682,909,3
81687,909,1
81688,909,1
81689,909,2
81694,909,1
81695,909,1
81705,909,2
81712,909,1
81725,909,1
81729,909,5
81735,909,8
81748,909,2
81760,909,29
81762,909,4
81764,909,10
81765,909,1
81766,909,2
81768,909,1
81783,909,21
81796,909,8
81800,909,1
81801,909,1
81803,909,1
81805,909,4
81808,909,1
81811,909,2
81814,909,52
81818,909,1
81819,909,1
81822,909,2
81826,909,2
81829,909,1
81831,909,1
81832,909,2
81833,909,2
81840,909,1
81841,909,5
81848,909,7
81857,909,2
81860,909,3
81861,909,1
81865,909,15
81868,909,1
81869,909,1
81870,909,1
81871,909,6
81872,909,2
81873,909,8
81874,909,1
81875,909,1
81876,909,1
81877,909,4
81881,909,1
81884,909,1
81885,909,1
81888,909,4
81891,909,1
81894,909,5
81896,909,67
81897,909,1
81975,909,1
81977,909,1
81990,909,1
81995,909,1
81996,909,1
82036,909,1
82064,909,1
82131,909,1
82132,909,2
82134,909,1
82137,909,4
82144,909,1
82160,909,1
82204,909,1
82237,909,1
82252,909,1
82254,909,1
82255,909,2
82266,909,4
82268,909,2
82271,909,1
82272,909,1
82293,909,1
82295,909,1
82298,909,4
82299,909,2
82305,909,2
82312,909,1
82326,909,1
82327,909,1
82328,909,1
82329,909,8
82333,909,2
82336,909,1
82338,909,1
82341,909,1
82342,909,2
82344,909,1
82345,909,1
82346,909,86
82348,909,1
82350,909,34
82351,909,5
82353,909,1
82355,909,2
82356,909,1
82357,909,4
82358,909,1
82359,909,1
82360,909,1
82361,909,4
82364,909,1
82366,909,1
82368,909,1
82370,909,1
82373,909,9
82374,909,3
82375,909,27
82377,909,25
82379,909,1
82384,909,2
82385,909,8
82389,909,1
82391,909,15
82393,909,4
82394,909,1
82396,909,1
82397,909,1
82398,909,1
82399,909,5
82403,909,1
82404,909,1
82405,909,1
82407,909,2
82409,909,2
82414,909,1
82415,909,1
82430,909,9
82444,909,4
82465,909,3
82471,909,3
82487,909,1
82496,909,1
82497,909,1
82578,909,2
82579,909,1
82580,909,1
82590,909,1
82605,909,1
82616,909,5
82619,909,1
82632,909,1
82635,909,1
82664,909,1
82668,909,3
82674,909,3
82675,909,1
82677,909,8
82679,909,3
82688,909,1
82692,909,1
82696,909,3
82697,909,1
82698,909,2
82699,909,5
82709,909,3
82711,909,1
82715,909,1
82716,909,2
82717,909,3
82718,909,2
82724,909,1
82726,909,1
82728,909,3
82731,909,1
82890,909,1
82896,909,1
82900,909,4
82902,909,2
82913,909,1
82921,909,3
82924,909,1
82927,909,1
82935,909,1
82940,909,1
82945,909,1
82946,909,1
82952,909,3
82963,909,7
82972,909,1
82976,909,21
82979,909,2
82985,909,1
82989,909,2
82996,909,1
82997,909,10
82999,909,1
83000,909,1
83005,909,2
83007,909,2
83025,909,1
83027,909,2
83031,909,2
83033,909,1
83035,909,1
83037,909,1
83040,909,6
83045,909,12
83049,909,3
83051,909,1
83053,909,1
83055,909,1
83058,909,2
83060,909,2
83061,909,5
83062,909,50
83064,909,2
83066,909,2
83069,909,2
83071,909,2
83074,909,1
83075,909,2
83078,909,1
83079,909,24
83080,909,14
83081,909,2
83082,909,7
83084,909,1
83085,909,7
83088,909,2
83089,909,1
83091,909,1
83093,909,1
83096,909,2
83097,909,1
83099,909,1
83101,909,1
83106,909,4
83107,909,1
83108,909,6
83109,909,2
83110,909,1
83115,909,2
83116,909,1
83117,909,1
83118,909,14
83119,909,2
83120,909,2
83122,909,3
83123,909,1
83125,909,1
83126,909,23
83128,909,13
83133,909,11
83134,909,1
83135,909,1
83137,909,8
83138,909,3
83139,909,3
83141,909,61
83144,909,1
83148,909,3
83153,909,8
83158,909,1
83160,909,2
83164,909,1
83166,909,1
83167,909,15
83168,909,1
83170,909,21
83171,909,3
83172,909,1
83175,909,3
83176,909,4
83177,909,3
83178,909,9
83179,909,11
83181,909,1
83183,909,1
83184,909,3
83186,909,1
83187,909,5
83189,909,3
83190,909,1
83201,909,10
83229,909,3
83232,909,1
83234,909,3
83235,909,1
83239,909,5
83241,909,1
83251,909,1
83253,909,1
83254,909,1
83255,909,1
83260,909,1
83276,909,11
83278,909,7
83280,909,7
83281,909,1
83288,909,7
83291,909,1
83294,909,33
83295,909,1
83299,909,2
83301,909,8
83308,909,1
83309,909,14
83312,909,1
83321,909,3
83324,909,6
83326,909,1
83330,909,8
83337,909,1
83342,909,1
83343,909,4
83344,909,2
83345,909,21
83346,909,1
83348,909,3
83349,909,22
83350,909,1
83351,909,17
83352,909,2
83353,909,2
83354,909,1
83356,909,2
83359,909,1
83360,909,1
83369,909,1
83384,909,1
83386,909,1
83398,909,1
83400,909,1
83405,909,1
83421,909,1
83423,909,1
83424,909,1
83425,909,6
83426,909,3
83428,909,79
83429,909,1
83463,909,1
83486,909,1
83490,909,1
83504,909,1
83549,909,1
83550,909,1
83553,909,1
83556,909,5
83562,909,3
83563,909,4
83567,909,1
83569,909,12
83576,909,1
83577,909,2
83585,909,2
83593,909,20
83594,909,5
83599,909,1
83601,909,1
83602,909,31
83604,909,1
83605,909,13
83607,909,1
83609,909,7
83610,909,14
83611,909,6
83612,909,1
83614,909,1
83615,909,1
83620,909,1
83622,909,6
83629,909,1
83686,909,1
83691,909,1
83717,909,1
83719,909,2
83720,909,7
83721,909,2
83722,909,1
83724,909,44
83725,909,1
83726,909,3
83727,909,1
83728,909,2
83729,909,29
83731,909,3
83732,909,4
83733,909,524
83735,909,42
83736,909,5
83737,909,1
83742,909,1
83746,909,20
83747,909,4
83748,909,2
83749,909,3
83750,909,8
83751,909,3
83752,909,28
83753,909,10
83755,909,1
83757,909,4
83758,909,10
83759,909,5
83760,909,3
83762,909,17
83763,909,56
83764,909,1
83766,909,47
83767,909,3
83770,909,3
83771,909,4
83773,909,197
83775,909,1
83776,909,14
83777,909,1
83778,909,15
83782,909,7
83784,909,2
83785,909,16
83787,909,33
83788,909,4
83789,909,2
83790,909,1
83791,909,23
83792,909,9
83793,909,13
83794,909,4
83795,909,2
83797,909,30
83798,909,1
83799,909,1
83800,909,161
83801,909,27
83803,909,1
83805,909,16
83807,909,1
83808,909,1
83809,909,12
83810,909,2
83811,909,11
83814,909,6
83815,909,4
83817,909,4
83818,909,6
83819,909,6
83820,909,2
83821,909,2
83822,909,9
83824,909,5
83910,909,3
83913,909,1
83921,909,3
83966,909,1
83972,909,4
83975,909,1
83976,909,1
83977,909,1
83984,909,2
83985,909,2
83987,909,1
83989,909,1
83994,909,4
83995,909,4
84004,909,7
84012,909,2
84014,909,8
84019,909,14
84023,909,9
84028,909,1
84033,909,1
84034,909,1
84036,909,1
84038,909,2
84039,909,8
84044,909,10
84046,909,1
84056,909,10
84057,909,1
84058,909,1
84104,909,1
84129,909,1
84131,909,2
84134,909,5
84140,909,4
84148,909,3
84149,909,1
84151,909,6
84166,909,16
84176,909,1
84183,909,1
84195,909,1
84208,909,2
84212,909,3
84219,909,1
84225,909,10
84226,909,1
84228,909,4
84230,909,1
84244,909,7
84246,909,2
84254,909,1
84263,909,10
84283,909,1
84289,909,1
84296,909,1
84301,909,3
84307,909,1
84309,909,2
84313,909,1
84322,909,1
84328,909,1
84329,909,13
84330,909,1
84377,909,9
84379,909,51
84381,909,4
84382,909,4
84383,909,2
84388,909,1
84389,909,139
84391,909,3
84392,909,1
84394,909,5
84395,909,1
84398,909,2
84399,909,121
84400,909,28
84404,909,2
84405,909,22
84407,909,36
84415,909,7
84416,909,58
84417,909,1
84418,909,1
84419,909,4
84420,909,1
84422,909,5
84423,909,5
84424,909,1
84428,909,2
84429,909,6
84431,909,1
84432,909,1
84433,909,47
84434,909,8
84436,909,4
84442,909,5
84448,909,13
84449,909,13
84454,909,1
84456,909,3
84457,909,7
84459,909,7
84463,909,1
84466,909,8
84468,909,17
84469,909,6
84472,909,11
84473,909,38
84474,909,4
84476,909,1
84477,909,1
84478,909,56
84479,909,35
84481,909,102
84482,909,203
84483,909,29
84484,909,1
84485,909,12
84486,909,7
84487,909,3
84489,909,3
84490,909,7
84494,909,1
84495,909,1
84496,909,7
84497,909,1
84500,909,1
84502,909,1
84503,909,3
84504,909,2
84506,909,30
84507,909,4
84509,909,4
84511,909,2
84512,909,1
84520,909,1
84530,909,3
84533,909,1
84539,909,4
84543,909,2
84567,909,1
84571,909,3
84572,909,15
84583,909,4
84589,909,2
84595,909,6
84596,909,1
84597,909,1
84598,909,3
84599,909,5
84612,909,1
84626,909,1
84627,909,1
84639,909,1
84676,909,1
84677,909,1
84685,909,39
84690,909,1
84695,909,5
84696,909,1
84701,909,1
84703,909,1
84714,909,5
84718,909,1
84721,909,1
84722,909,1
84729,909,2
84731,909,1
84734,909,1
84735,909,2
84738,909,2
84745,909,1
84752,909,2
84761,909,2
84763,909,2
84770,909,2
84772,909,2
84778,909,7
84781,909,1
84783,909,16
84786,909,2
84787,909,6
84788,909,1
84790,909,1
84795,909,2
84811,909,1
84816,909,1
84820,909,3
84821,909,3
84824,909,3
84825,909,10
84826,909,1
84846,909,62
84847,909,1
84849,909,11
84851,909,8
84852,909,5
84853,909,3
84855,909,1
84859,909,1
84860,909,86
84861,909,1
84862,909,6
84863,909,2
84864,909,11
84866,909,39
84868,909,1
84869,909,5
84870,909,5
84871,909,87
84872,909,1
84873,909,1
84875,909,13
84876,909,1
84878,909,73
84888,909,18
84889,909,6
84890,909,1
84892,909,1
84893,909,3
84894,909,3
84896,909,12
84897,909,8
84899,909,1
84901,909,1
84902,909,7
84903,909,475
84905,909,5
84906,909,2
84908,909,4
84909,909,7
84912,909,6
84915,909,1
84920,909,15
84921,909,1
84924,909,1
84925,909,2
84926,909,5
84927,909,24
84928,909,1
84934,909,8
84936,909,1
84938,909,9
84939,909,5
84940,909,11
84944,909,2
84947,909,1
84948,909,1
84949,909,6
84951,909,186
84953,909,1
84955,909,4
84957,909,50
84958,909,28
84960,909,6
84961,909,3
84962,909,1
84963,909,6
84967,909,2
84968,909,35
84970,909,95
84971,909,16
84972,909,2
84973,909,1
84975,909,4
84978,909,3
84979,909,1
84980,909,1
84982,909,39
84986,909,6
84988,909,14
84989,909,7
84990,909,1
84991,909,14
84993,909,1
84994,909,5
84996,909,16
85000,909,1
85002,909,12
85003,909,2
85004,909,1
85005,909,1
85012,909,44
85014,909,1
85018,909,8
85022,909,1
85023,909,161
85024,909,15
85027,909,1
85028,909,1
85029,909,7
85030,909,1
85031,909,13
85037,909,1
85041,909,2
85042,909,4
85043,909,94
85045,909,1
85046,909,3
85047,909,1
85049,909,2
85050,909,4
85051,909,1
85056,909,14
85058,909,2
85059,909,1
85061,909,16
85062,909,7
85065,909,27
85072,909,11
85078,909,1
85079,909,9
85082,909,1
85088,909,4
85089,909,5
85092,909,6
85099,909,6
85101,909,11
85102,909,38
85105,909,13
85107,909,14
85108,909,1
85109,909,1
85110,909,8
85112,909,10
85113,909,5
85115,909,49
85116,909,61
85117,909,17
85118,909,1
85119,909,3
85120,909,2
85121,909,1
85123,909,1
85124,909,6
85129,909,7
85130,909,1
85132,909,1
85136,909,2
85139,909,3
85143,909,11
85144,909,3
85146,909,1
85147,909,2
85151,909,3
85152,909,3
85153,909,1
85159,909,1
85160,909,20
85162,909,3
85164,909,2
85165,909,3
85166,909,1
85168,909,5
85169,909,10
85170,909,497
85174,909,1
85175,909,13
85176,909,12
85177,909,30
85179,909,2
85180,909,1
85181,909,2
85182,909,1
85183,909,7
85185,909,1
85186,909,2
85187,909,1
85188,909,3
85189,909,12
85192,909,2
85193,909,6
85194,909,2
85196,909,3
85197,909,7
85203,909,1
85204,909,16
85206,909,3
85207,909,2
85209,909,4
85210,909,13
85213,909,14
85218,909,7
85224,909,3
85225,909,4
85229,909,1
85232,909,10
85233,909,1
85234,909,11
85241,909,11
85243,909,6
85244,909,10
85246,909,1
85247,909,60
85248,909,1
85250,909,3
85252,909,289
85253,909,4
85254,909,9
85255,909,11
85256,909,14
85258,909,3
85259,909,3
85260,909,6
85263,909,11
85265,909,1
85267,909,1
85268,909,8
85269,909,2
85270,909,2
85272,909,3
85273,909,3
85277,909,4
85278,909,5
85279,909,1
85280,909,2
85281,909,4
85282,909,7
85284,909,1
85311,909,12
85312,909,1
85314,909,1
85315,909,4
85316,909,5
85326,909,1
85328,909,1
85329,909,2
85331,909,1
85346,909,1
85351,909,13
85354,909,1
85382,909,2
85389,909,1
85425,909,12
85441,909,6
85459,909,1
85461,909,1
85464,909,4
85470,909,4
85476,909,1
85478,909,1
85483,909,1
85489,909,1
85498,909,1
85500,909,1
85501,909,1
85505,909,1
85513,909,1
85525,909,1
85531,909,1
85540,909,1
85608,909,1
85610,909,3
85612,909,1
85665,909,1
85667,909,1
85685,909,2
85723,909,1
85726,909,1
85752,909,4
85759,909,10
85769,909,2
85786,909,2
85798,909,1
85799,909,2
85811,909,2
85828,909,1
85838,909,1
85841,909,1
85882,909,2
85906,909,1
85916,909,1
85932,909,5
85934,909,1
85963,909,1
85970,909,1
85972,909,1
86016,909,1
86024,909,1
86029,909,3
86031,909,1
86043,909,1
86058,909,2
86063,909,1
86068,909,1
86085,909,1
86097,909,1
86099,909,1
86108,909,3
86122,909,8
86131,909,1
86134,909,23
86135,909,2
86136,909,1
86139,909,1
86141,909,1
86144,909,2
86150,909,1
86151,909,11
86153,909,1
86154,909,1
86158,909,2
86160,909,2
86176,909,1
86184,909,4
86185,909,1
86186,909,2
86187,909,2
86192,909,1
86199,909,9
86206,909,26
86207,909,1
86212,909,1
86215,909,228
86217,909,2
86220,909,3
86221,909,1
86223,909,9
86230,909,8
86232,909,1
86238,909,1
86239,909,2
86240,909,1
86241,909,1
86248,909,11
86271,909,1
86273,909,2
86285,909,1
86305,909,23
86307,909,5
86327,909,1
86329,909,1
86330,909,1
86333,909,1
86342,909,1
86343,909,1
86372,909,1
86374,909,3
86375,909,5
86376,909,5
86387,909,3
86400,909,1
86401,909,1
86402,909,2
86411,909,1
86473,909,1
86508,909,1
86510,909,12
86536,909,1
86541,909,1
86557,909,1
86558,909,3
86565,909,1
86591,909,2
86596,909,1
86604,909,1
86611,909,1
86624,909,1
86646,909,1
86657,909,11
86660,909,4
86663,909,11
86664,909,3
86666,909,1
86667,909,1
86668,909,19
86670,909,2
86671,909,1
86674,909,1
86676,909,1
86680,909,3
86683,909,3
86684,909,4
86685,909,5
86690,909,5
86693,909,1
86694,909,1
86698,909,1
86701,909,1
86709,909,1
86712,909,2
86713,909,1
86714,909,1
86716,909,2
86746,909,1
86814,909,1
86825,909,13
86845,909,1
86879,909,7
86889,909,1
86915,909,1
86986,909,1
86996,909,1
87000,909,4
87059,909,2
87102,909,1
87116,909,2
87122,909,1
87126,909,1
87131,909,1
87135,909,12
87144,909,2
87147,909,1
87160,909,1
87169,909,1
87184,909,1
87226,909,5
87230,909,1
87272,909,1
87274,909,2
87277,909,2
87286,909,3
87291,909,1
87296,909,2
87297,909,8
87302,909,3
87303,909,1
87304,909,2
87316,909,1
87317,909,4
87320,909,1
87324,909,1
87331,909,1
87333,909,1
87336,909,2
87337,909,1
87340,909,12
87346,909,1
87352,909,1
87353,909,1
87361,909,1
87364,909,1
87370,909,1
87371,909,1
87373,909,1
87374,909,2
87378,909,2
87382,909,1
87383,909,1
87384,909,1
87386,909,64
87387,909,2
87388,909,6
87390,909,1
87393,909,1
87395,909,1
87400,909,2
87408,909,1
87412,909,4
87413,909,1
87421,909,1
87428,909,7
87438,909,33
87450,909,1
87455,909,1
87459,909,1
87466,909,1
87470,909,3
87477,909,1
87478,909,1
87486,909,4
87487,909,1
87490,909,41
87497,909,18
87499,909,1
87503,909,1
87510,909,1
87511,909,1
87541,909,1
87550,909,6
87578,909,1
87580,909,1
87586,909,2
87612,909,2
87700,909,2
87701,909,5
87702,909,24
87703,909,4
87704,909,1
87705,909,11
87706,909,19
87707,909,2
87708,909,1
87709,909,8
87710,909,1
87711,909,4
87712,909,1
87713,909,1
87714,909,1
87715,909,1
87716,909,24
87717,909,1
87718,909,84
87719,909,1
87720,909,14
87721,909,2
87726,909,1
87740,909,1
87750,909,1
87754,909,1
87761,909,1
87767,909,1
87771,909,8
87772,909,1
87774,909,1
87781,909,7
87784,909,9
87786,909,28
87787,909,3
87788,909,1
87790,909,1
87793,909,2
87794,909,1
87796,909,6
87801,909,1
87802,909,1
87803,909,2
87804,909,1
87814,909,24
87818,909,1
87822,909,2
87827,909,1
87831,909,2
87833,909,1
87842,909,2
87845,909,2
87853,909,3
87856,909,21
87860,909,3
87864,909,1
87866,909,3
87877,909,2
87878,909,5
87881,909,1
87884,909,13
87887,909,1
87891,909,4
87893,909,1
87895,909,1
87896,909,25
87897,909,1
87901,909,9
87911,909,17
87951,909,1
87961,909,1
87965,909,2
87969,909,1
87985,909,1
87986,909,1
87988,909,1
87997,909,2
87998,909,5
88004,909,7
88008,909,1
88025,909,1
88026,909,1
88033,909,4
88035,909,1
88038,909,1
88039,909,1
88042,909,3
88044,909,1
88047,909,1
88048,909,2
88060,909,3
88067,909,1
88081,909,2
88087,909,7
88093,909,13
88110,909,3
88125,909,46
88127,909,7
88129,909,16
88130,909,2
88131,909,3
88133,909,1
88150,909,34
88153,909,1
88162,909,1
88196,909,1
88197,909,1
88206,909,1
88214,909,3
88221,909,3
88222,909,1
88224,909,1
88225,909,1
88228,909,1
88241,909,1
88260,909,1
88264,909,1
88265,909,1
88266,909,2
88267,909,5
88268,909,1
88285,909,1
88289,909,5
88290,909,3
88299,909,1
88303,909,2
88315,909,10
88319,909,2
88327,909,1
88329,909,12
88333,909,6
88339,909,1
88348,909,1
88349,909,1
88358,909,1
88364,909,1
88365,909,6
88369,909,1
88370,909,85
88378,909,2
88380,909,1
88383,909,1
88386,909,1
88387,909,1
88388,909,38
88390,909,1
88392,909,7
88393,909,1
88398,909,1
88400,909,1
88404,909,113
88412,909,12
88424,909,10
88428,909,67
88432,909,88
88435,909,1
88446,909,3
88447,909,1
88451,909,2
88454,909,4
88460,909,8
88461,909,1
88462,909,8
88463,909,9
88464,909,2
88471,909,2
88476,909,15
88480,909,5
88482,909,1
88498,909,2
88499,909,1
88507,909,59
88512,909,1
88516,909,1
88517,909,8
88518,909,2
88523,909,1
88525,909,1
88534,909,1
88535,909,8
88538,909,1
88539,909,1
88541,909,2
88542,909,2
88548,909,3
88550,909,1
88551,909,1
88553,909,1
88554,909,3
88557,909,3
88563,909,2
88570,909,3
88577,909,2
88579,909,3
88586,909,3
88588,909,4
88592,909,1
88593,909,10
88596,909,1
88598,909,24
88601,909,3
88602,909,9
88603,909,2
88604,909,1
88605,909,2
88607,909,1
88610,909,3
88614,909,1
88620,909,1
88623,909,1
88627,909,2
88630,909,2
88631,909,7
88633,909,162
88635,909,1
88636,909,4
88637,909,39
88638,909,1
88639,909,1
88640,909,522
88641,909,35
88642,909,8
88643,909,1
88644,909,1
88645,909,4
88646,909,1
88647,909,8
88648,909,2
88649,909,3
88651,909,1
88654,909,1
88655,909,8
88656,909,88
88658,909,1
88659,909,5
88661,909,8
88663,909,1
88664,909,1
88665,909,1
88666,909,4
88667,909,3
88668,909,21
88669,909,1
88670,909,1
88671,909,2
88672,909,2
88674,909,2
88675,909,1
88677,909,1
88678,909,5
88679,909,2
88680,909,1
88682,909,6
88705,909,42
88706,909,1
88708,909,8
88710,909,6
88711,909,3
88712,909,2
88715,909,1
88716,909,58
88717,909,1
88718,909,4
88719,909,1
88720,909,7
88721,909,26
88724,909,3
88725,909,3
88726,909,59
88727,909,1
88728,909,1
88730,909,9
88731,909,1
88733,909,50
88740,909,12
88741,909,4
88742,909,1
88745,909,2
88746,909,2
88748,909,8
88749,909,5
88751,909,1
88753,909,1
88754,909,5
88755,909,323
88757,909,4
88758,909,1
88760,909,3
88761,909,5
88763,909,4
88770,909,10
88771,909,1
88774,909,1
88775,909,1
88776,909,4
88777,909,16
88778,909,1
88783,909,5
88786,909,6
88787,909,3
88788,909,7
88792,909,1
88795,909,4
88797,909,126
88799,909,1
88801,909,2
88803,909,34
88804,909,19
88806,909,4
88807,909,2
88809,909,4
88811,909,1
88812,909,24
88814,909,65
88815,909,11
88816,909,1
88819,909,2
88822,909,2
88823,909,1
88824,909,1
88825,909,26
88829,909,4
88831,909,9
88832,909,5
88833,909,1
88834,909,10
88835,909,1
88836,909,4
88838,909,11
88843,909,4
88844,909,1
88852,909,14
88857,909,2
88861,909,50
88862,909,5
88866,909,2
88868,909,4
88877,909,1
88878,909,1
88879,909,29
88882,909,1
88885,909,1
88886,909,1
88892,909,4
88894,909,1
88897,909,5
88898,909,2
88901,909,8
88907,909,3
88913,909,3
88921,909,1
88922,909,2
88923,909,2
88930,909,2
88932,909,3
88933,909,12
88936,909,4
88937,909,4
88940,909,3
88942,909,3
88943,909,2
88944,909,15
88945,909,19
88946,909,5
88948,909,1
88949,909,1
88953,909,2
88956,909,2
88962,909,1
88965,909,1
88968,909,3
88969,909,1
88975,909,1
88976,909,1
88982,909,5
88983,909,1
88986,909,1
88988,909,1
88989,909,3
88990,909,135
88994,909,4
88995,909,3
88996,909,8
88999,909,1
89001,909,2
89003,909,1
89005,909,1
89006,909,3
89008,909,1
89009,909,2
89010,909,1
89011,909,1
89012,909,2
89017,909,4
89018,909,1
89019,909,1
89020,909,1
89021,909,3
89022,909,4
89025,909,2
89026,909,1
89027,909,1
89032,909,3
89034,909,3
89039,909,3
89041,909,2
89042,909,3
89044,909,16
89047,909,1
89049,909,78
89050,909,1
89051,909,2
89052,909,3
89053,909,4
89055,909,1
89056,909,1
89057,909,2
89060,909,3
89063,909,2
89065,909,1
89066,909,1
89067,909,1
89069,909,1
89070,909,1
89073,909,1
89074,909,2
89077,909,6
89083,909,1
89087,909,20
89089,909,1
89099,909,15
89104,909,1
89105,909,9
89106,909,1
89110,909,1
89112,909,1
89119,909,2
89127,909,1
89132,909,2
89134,909,1
89135,909,6
89142,909,1
89149,909,10
89151,909,4
89154,909,3
89155,909,2
89165,909,1
89174,909,1
89178,909,1
89180,909,1
89183,909,10
89184,909,6
89190,909,4
89197,909,2
89202,909,1
89208,909,1
89227,909,22
89228,909,1
89229,909,17
89230,909,14
89232,909,181
89233,909,6
89234,909,2
89235,909,9
89237,909,38
89238,909,2
89239,909,3
89240,909,15
89241,909,2
89242,909,28
89243,909,6
89244,909,2
89245,909,24
89246,909,39
89247,909,1
89249,909,15
89250,909,18
89251,909,1889
89252,909,6
89254,909,28
89255,909,3
89256,909,744
89257,909,115
89258,909,2
89259,909,1
89260,909,19
89261,909,8
89262,909,41
89263,909,12
89264,909,86
89266,909,20
89267,909,32
89268,909,20
89269,909,96
89270,909,5
89271,909,4
89273,909,1
89275,909,16
89277,909,2
89278,909,28
89280,909,4
89281,909,1
89282,909,22
89283,909,6
89284,909,1
89285,909,14
89288,909,2
89289,909,1
89290,909,1
89292,909,202
89293,909,1
89296,909,59
89299,909,584
89305,909,2
89306,909,544
89307,909,3
89309,909,30
89310,909,9
89312,909,8
89313,909,1
89314,909,1
89316,909,1
89319,909,7
89320,909,3
89322,909,45
89323,909,178
89324,909,2
89325,909,1
89326,909,8
89328,909,8
89329,909,30
89330,909,4
89331,909,322
89332,909,5
89333,909,84
89334,909,12
89337,909,4
89338,909,15
89340,909,32
89341,909,13
89342,909,105
89343,909,6
89344,909,2
89346,909,2
89347,909,28
89349,909,1
89350,909,32
89351,909,21
89352,909,1
89353,909,33
89354,909,7
89355,909,37
89356,909,2
89358,909,5
89360,909,8
89361,909,3
89362,909,23
89364,909,18
89368,909,1
89370,909,8
89371,909,1
89378,909,3
89379,909,1
89380,909,2
89381,909,1
89382,909,1
89383,909,3
89386,909,3
89387,909,1
89388,909,253
89391,909,2
89392,909,3
89393,909,6
89394,909,1
89395,909,5
89399,909,1
89401,909,1
89405,909,119
89409,909,2
89410,909,6
89411,909,2
89413,909,2
89414,909,7
89416,909,2
89417,909,1
89419,909,1
89420,909,1
89422,909,1
89423,909,2
89426,909,13
89429,909,11
89431,909,1
89435,909,78
89441,909,1
89442,909,84
89445,909,1
89447,909,1
89450,909,10
89452,909,11
89457,909,2
89458,909,12
89460,909,5
89461,909,4
89462,909,1
89465,909,31
89468,909,3
89469,909,3
89470,909,7
89472,909,1
89473,909,3
89474,909,11
89475,909,4
89476,909,23
89477,909,16
89478,909,3
89481,909,12
89483,909,1
89486,909,5
89487,909,2
89488,909,2
89491,909,4
89492,909,14
89494,909,2
89495,909,5
89496,909,2
89497,909,1
89498,909,4
89499,909,7
89501,909,3
89505,909,1
89511,909,1
89519,909,1
89520,909,1
89547,909,1
89576,909,1
89579,909,1
89581,909,6
89583,909,2
89585,909,1
89619,909,2
89620,909,2
89621,909,1
89632,909,1
89646,909,2
89655,909,1
89657,909,16
89659,909,2
89660,909,2
89668,909,1
89669,909,1
89673,909,2
89674,909,1
89675,909,1
89676,909,2
89678,909,2
89696,909,1
89721,909,2
89722,909,1
89723,909,1
89728,909,6
89734,909,5
89735,909,2
89737,909,13
89739,909,5
89740,909,1
89748,909,2
89752,909,1
89756,909,5
89757,909,1
89758,909,3
89759,909,8
89768,909,1
89769,909,1
89770,909,5
89772,909,2
89776,909,1
89777,909,3
89778,909,4
89780,909,4
89783,909,1
89786,909,1
89788,909,2
89790,909,5
89793,909,1
89796,909,1
89797,909,4
89798,909,1
89799,909,5
89800,909,11
89801,909,2
89803,909,26
89804,909,2
89805,909,4
89806,909,1
89807,909,3
89808,909,125
89809,909,1
89810,909,2
89811,909,1
89812,909,146
89814,909,12
89815,909,21
89816,909,4
89817,909,9
89818,909,1
89819,909,2
89820,909,1
89821,909,4
89822,909,1
89823,909,2
89824,909,1
89825,909,55
89826,909,1
89827,909,14
89828,909,1
89829,909,1
89830,909,321
89831,909,7
89832,909,45
89835,909,1
89836,909,1
89837,909,63
89839,909,1
89840,909,1
89841,909,1
89842,909,202
89843,909,1
89844,909,6
89845,909,1
89846,909,5
89847,909,135
89848,909,9
89849,909,2
89850,909,27
89851,909,1
89852,909,7
89853,909,4
89854,909,55
89855,909,4
89856,909,70
89857,909,78
89858,909,7
89860,909,2
89861,909,1
89862,909,1
89863,909,27
89864,909,1
89865,909,14
89866,909,7
89867,909,1
89868,909,4
89869,909,6
89870,909,155
89877,909,1
89878,909,7
89885,909,1
89890,909,2
89891,909,7
89895,909,2
89903,909,1
89904,909,7
89913,909,1
89921,909,1
89922,909,5
89931,909,2
89933,909,3
89935,909,2
89936,909,6
89937,909,2
89939,909,1
89940,909,1
89948,909,1
89964,909,2
89982,909,1
90004,909,4
90006,909,1
90022,909,1
90028,909,1
90071,909,1
90092,909,1
90123,909,1
90133,909,1
90136,909,3
90146,909,1
90157,909,1
90161,909,1
90170,909,2
90175,909,5
90179,909,1
90189,909,1
90191,909,1
90192,909,2
90193,909,21
90195,909,1
90197,909,1
90201,909,1
90203,909,1
90208,909,1
90212,909,10
90213,909,6
90214,909,1
90216,909,3
90219,909,3
90222,909,1
90230,909,1
90243,909,1
90244,909,11
90245,909,2
90246,909,17
90247,909,6
90248,909,3
90249,909,1
90250,909,1
90251,909,1
90254,909,4
90255,909,3
90256,909,2
90257,909,37
90258,909,5
90259,909,4
90261,909,7
90262,909,1
90263,909,1
90264,909,3
90265,909,62
90266,909,1
90267,909,35
90269,909,1
90272,909,30
90273,909,2
90274,909,2
90276,909,21
90277,909,7
90278,909,8
90279,909,1
90280,909,164
90281,909,1
90282,909,1
90283,909,3
90284,909,1
90286,909,1
90287,909,8
90289,909,1
90293,909,22
90298,909,3
90300,909,6
90302,909,1
90303,909,1
90304,909,2
90305,909,1
90306,909,2
90307,909,39
90308,909,3
90310,909,55
90311,909,7
90312,909,2
90315,909,7
90316,909,10
90317,909,7
90319,909,25
90320,909,29
90322,909,3
90324,909,2
90325,909,8
90327,909,2
90328,909,13
90330,909,7
90331,909,4
90332,909,1
90346,909,1
90348,909,2
90356,909,1
90360,909,13
90361,909,11
90363,909,319
90369,909,2
90375,909,2
90376,909,1
90378,909,13
90383,909,1
90397,909,8
90398,909,5
90406,909,5
90407,909,2
90409,909,1
90410,909,1
90412,909,1
90414,909,1
90419,909,2
90424,909,2
90425,909,1
90426,909,5
90428,909,3
90431,909,24
90433,909,1
90448,909,1
90449,909,1
90451,909,106
90453,909,3
90454,909,2
90455,909,1
90456,909,1
90459,909,42
90460,909,2
90461,909,1
90462,909,101
90463,909,26
90464,909,2
90465,909,11
90466,909,1
90467,909,6
90469,909,178
90471,909,2
90472,909,22
90473,909,5
90474,909,4
90475,909,1
90477,909,2
90478,909,1
90479,909,5
90480,909,1
90481,909,2
90483,909,8
90485,909,1
90486,909,2
90487,909,1
90488,909,2
90489,909,2
90494,909,32
90496,909,1
90497,909,1
90498,909,4
90499,909,1
90500,909,25
90501,909,1
90505,909,38
90507,909,50
90508,909,3
90509,909,1
90510,909,3
90512,909,3
90513,909,3
90514,909,44
90515,909,1
90516,909,2
90517,909,5
90518,909,5
90519,909,3
90521,909,1
90522,909,5
90523,909,1
90524,909,6
90526,909,3
90527,909,1
90528,909,1
90531,909,6
90532,909,1
90533,909,1
90534,909,4
90535,909,1
90536,909,2
90537,909,4
90538,909,2
90539,909,10
90541,909,2
90542,909,1
90543,909,1
90546,909,1
90551,909,5
90554,909,1
90556,909,2
90564,909,1
90566,909,1
90570,909,1
90572,909,3
90575,909,3
90577,909,2
90597,909,1
90598,909,1
90612,909,1
90625,909,2
90628,909,4
90630,909,1
90631,909,1
90632,909,2
90634,909,1
90635,909,2
90636,909,2
90638,909,1
90639,909,1
90640,909,6
90642,909,7
90644,909,1
90645,909,2
90649,909,1
90650,909,1
90653,909,1
90654,909,1
90656,909,15
90658,909,4
90660,909,8
90662,909,1
90665,909,1
90667,909,9
90670,909,2
90671,909,1
90673,909,2
90675,909,1
90680,909,1
90720,909,1
90732,909,3
90737,909,1
90742,909,38
90743,909,1
90781,909,3
90791,909,1
90810,909,1
90812,909,1
90818,909,1
90819,909,5
90823,909,1
90826,909,1
90843,909,1
90849,909,1
90868,909,1
90872,909,1
90873,909,1
90887,909,1
90888,909,2
90957,909,3
90958,909,12
90959,909,8
90960,909,1
90961,909,3
90962,909,10
90963,909,1
90967,909,51
90968,909,3
90969,909,1
90970,909,2
90971,909,1
90973,909,5
90974,909,26
90975,909,37
90976,909,1
90977,909,4
90978,909,1
90979,909,10
90980,909,2
90981,909,124
90984,909,1
90986,909,2
90988,909,1
90989,909,15
90990,909,20
90993,909,2
90994,909,2
90996,909,3
90997,909,2
90998,909,15
91000,909,3
91005,909,2
91008,909,207
91011,909,47
91012,909,2
91014,909,3
91016,909,1
91018,909,9
91021,909,1
91022,909,9
91023,909,315
91025,909,6
91026,909,137
91027,909,3
91028,909,14
91029,909,1
91030,909,72
91032,909,139
91033,909,60
91034,909,9
91036,909,7
91037,909,5
91039,909,1
91041,909,3
91042,909,1
91044,909,14
91046,909,1
91047,909,60
91048,909,1
91128,909,1
91175,909,3
91184,909,14
91202,909,1
91207,909,1
91222,909,2
91225,909,17
91229,909,7
91276,909,1
91280,909,1
91281,909,4
91282,909,1
91287,909,24
91289,909,2
91291,909,1
91292,909,15
91294,909,2
91295,909,2
91296,909,283
91300,909,23
91301,909,3
91302,909,1
91308,909,1
91312,909,11
91313,909,2
91314,909,1
91315,909,1
91316,909,4
91317,909,2
91319,909,15
91320,909,5
91325,909,2
91326,909,6
91328,909,3
91329,909,2
91332,909,9
91335,909,30
91339,909,26
91340,909,1
91343,909,2
91344,909,2
91346,909,106
91350,909,1
91353,909,8
91355,909,8
91359,909,4
91361,909,1
91362,909,9
91364,909,18
91365,909,2
91366,909,1
91369,909,12
91370,909,5
91372,909,7
91373,909,2
91374,909,1
91376,909,16
91377,909,1
91378,909,1
91379,909,87
91380,909,15
91384,909,9
91388,909,6
91389,909,1
91390,909,6
91393,909,3
91394,909,2
91396,909,2
91397,909,3
91398,909,3
91399,909,1
91400,909,1
91401,909,5
91403,909,2
91451,909,1
91474,909,2
91475,909,1
91481,909,5
91483,909,2
91487,909,1
91495,909,1
91496,909,2
91499,909,5
91504,909,1
91507,909,1
91515,909,1
91521,909,5
91527,909,8
91528,909,1
91539,909,7
91540,909,1
91545,909,1
91546,909,1
91552,909,8
91554,909,2
91555,909,1
91557,909,61
91558,909,4
91560,909,1
91563,909,11
91573,909,53
91585,909,1
91601,909,1
91609,909,1
91617,909,1
91621,909,1
91628,909,2
91635,909,1
91636,909,14
91642,909,5
91647,909,3
91648,909,3
91650,909,1
91651,909,1
91656,909,7
91657,909,6
91658,909,2
91659,909,2
91660,909,2
91661,909,4
91667,909,14
91668,909,14
91675,909,1
91679,909,27
91682,909,1
91683,909,1
91685,909,1
91686,909,1
91687,909,1
91688,909,6
91690,909,31
91698,909,1
91699,909,53
91702,909,1
91704,909,1
91705,909,34
91717,909,1
91718,909,1
91720,909,30
91724,909,1
91732,909,84
91733,909,283
91734,909,5
91735,909,1
91736,909,1
91737,909,1
91739,909,387
91746,909,7
91757,909,1
91760,909,52
91762,909,4
91763,909,5
91768,909,1
91769,909,1
91771,909,1
91772,909,1
91776,909,1
91777,909,1
91780,909,2
91782,909,1
91787,909,1
91789,909,1
91797,909,2
91848,909,1
91852,909,3
91858,909,3
91869,909,2
91870,909,1
91872,909,4
91890,909,12
91947,909,1
91952,909,1
91975,909,5
91977,909,1
91979,909,2
91997,909,4
92000,909,1
92016,909,4
92036,909,1
92046,909,1
92053,909,1
92068,909,6
92082,909,1
92088,909,1
92093,909,1
92095,909,3
92104,909,9
92112,909,7
92113,909,2
92117,909,1
92119,909,2
92124,909,4
92138,909,3
92147,909,1
92148,909,1
92163,909,1
92166,909,1
92167,909,2
92172,909,3
92173,909,2
92174,909,6
92175,909,13
92176,909,2
92178,909,1
92196,909,2
92203,909,79
92204,909,41
92205,909,1
92206,909,1
92213,909,2
92219,909,11
92223,909,3
92224,909,1
92225,909,34
92227,909,2
92228,909,2
92229,909,7
92230,909,1
92235,909,1
92237,909,2
92239,909,1
92241,909,159
92242,909,1
92247,909,5
92249,909,28
92251,909,1
92253,909,1
92262,909,14
92269,909,188
92276,909,96
92279,909,2
92288,909,2
92292,909,14
92293,909,1
92298,909,2
92299,909,1
92301,909,4
92307,909,3
92309,909,16
92310,909,14
92311,909,2
92319,909,2
92321,909,1
92325,909,14
92332,909,3
92334,909,1
92337,909,1
92338,909,3
92345,909,4
92347,909,504
92348,909,1
92349,909,1
92350,909,1
92353,909,1
92356,909,10
92358,909,6
92361,909,6
92362,909,1
92365,909,9
92366,909,3
92367,909,224
92368,909,2
92370,909,8
92372,909,41
92373,909,7
92376,909,1
92378,909,3
92379,909,1
92380,909,7
92382,909,1
92383,909,2
92384,909,1
92385,909,669
92391,909,1
92394,909,73
92396,909,2
92398,909,1
92401,909,1
92405,909,1
92407,909,59
92411,909,2
92415,909,393
92422,909,520
92423,909,2
92425,909,5
92426,909,1
92428,909,1
92438,909,2
92444,909,19
92445,909,6
92450,909,10
92451,909,2
92453,909,26
92460,909,1
92461,909,48
92462,909,3
92463,909,48
92464,909,55
92465,909,12
92466,909,1
92467,909,3
92470,909,2
92473,909,12
92476,909,2
92478,909,2
92479,909,1
92480,909,91
92488,909,28
92491,909,5
92492,909,2
92498,909,13
92499,909,1
92504,909,4
92508,909,8
92513,909,1
92519,909,21
92527,909,3
92528,909,39
92532,909,90
92534,909,76
92539,909,1
92547,909,1
92550,909,1
92560,909,7
92561,909,23
92562,909,5
92566,909,52
92569,909,8
92578,909,3
92583,909,1
92599,909,1
92609,909,2
92648,909,3
92651,909,1
92656,909,3
92657,909,1
92665,909,87
92667,909,1
92670,909,1
92674,909,1
92675,909,12
92676,909,3
92681,909,2
92683,909,2
92693,909,1
92694,909,12
92697,909,1
92698,909,2
92699,909,1
92701,909,3
92702,909,3
92709,909,4
92711,909,1
92712,909,1
92714,909,2
92715,909,4
92718,909,4
92725,909,3
92732,909,5
92740,909,4
92742,909,4
92749,909,4
92751,909,5
92755,909,1
92756,909,15
92757,909,1
92759,909,1
92761,909,35
92764,909,5
92765,909,13
92766,909,3
92767,909,1
92768,909,2
92769,909,1
92770,909,1
92773,909,4
92778,909,1
92779,909,1
92781,909,1
92785,909,1
92789,909,2
92793,909,2
92798,909,1
92802,909,53
92808,909,177
92809,909,9
92810,909,2
92815,909,1
92823,909,1
92828,909,1
92829,909,1
92839,909,1
92840,909,1
92842,909,1
92844,909,179
92852,909,1
92854,909,5
92855,909,43
92857,909,1
92860,909,1
92862,909,573
92864,909,39
92865,909,8
92866,909,2
92868,909,1
92870,909,4
92871,909,1
92872,909,9
92873,909,2
92874,909,3
92876,909,1
92886,909,1
92887,909,9
92888,909,96
92891,909,1
92894,909,5
92897,909,9
92899,909,1
92900,909,1
92902,909,1
92904,909,1
92905,909,4
92906,909,3
92908,909,23
92913,909,1
92914,909,1
92915,909,2
92917,909,2
92919,909,1
92920,909,2
92921,909,1
92925,909,1
92927,909,5
92928,909,2
92934,909,1
92936,909,6
92963,909,18
92966,909,3
92968,909,2
92969,909,1
92970,909,1
92974,909,26
92976,909,2
92977,909,1
92978,909,3
92979,909,12
92982,909,1
92983,909,1
92984,909,26
92988,909,4
92991,909,22
92998,909,5
92999,909,2
93003,909,1
93004,909,1
93006,909,4
93007,909,2
93012,909,2
93013,909,142
93015,909,2
93018,909,1
93019,909,2
93021,909,2
93028,909,4
93034,909,2
93035,909,7
93041,909,2
93044,909,3
93045,909,1
93046,909,3
93050,909,1
93053,909,2
93055,909,55
93059,909,1
93061,909,15
93062,909,8
93064,909,2
93065,909,1
93067,909,2
93069,909,1
93070,909,10
93072,909,28
93073,909,5
93074,909,1
93077,909,1
93080,909,1
93083,909,12
93087,909,2
93089,909,4
93090,909,2
93092,909,4
93095,909,2
93097,909,5
93098,909,3
93100,909,28
93101,909,7
93102,909,1
93103,909,9
93104,909,6
93105,909,2
93106,909,7
93107,909,12
93108,909,3
93109,909,78
93110,909,13
93111,909,4
93113,909,7
93115,909,34
93116,909,3
93117,909,1
93119,909,1
93122,909,2
93123,909,9
93125,909,3
93126,909,10
93127,909,6
93128,909,91
93129,909,15
93130,909,2
93131,909,27
93132,909,1
93133,909,2
93134,909,56
93135,909,5
93137,909,5
93138,909,5
93139,909,30
93141,909,1
93143,909,10
93144,909,2
93145,909,1
93146,909,1
93147,909,3
93148,909,4
93150,909,6
93151,909,1
93152,909,33
93153,909,16
93154,909,1
93155,909,16
93158,909,2
93159,909,5
93160,909,6
93162,909,44
93163,909,2
93164,909,3
93165,909,2
93167,909,8
93169,909,3
93170,909,3
93171,909,1
93172,909,20
93173,909,1
93174,909,18
93175,909,21
93176,909,1
93177,909,1
93178,909,2
93179,909,2
93180,909,1
93182,909,1
93183,909,7
93184,909,11
93185,909,4
93186,909,11
93187,909,9
93190,909,2
93205,909,1
93212,909,2
93218,909,9
93219,909,1
93225,909,1
93235,909,5
93246,909,1
93250,909,1
93252,909,1
93254,909,1
93274,909,1
93275,909,2
93276,909,1
93277,909,1
93282,909,1
93284,909,3
93285,909,3
93286,909,1
93307,909,1
93319,909,1
93327,909,13
93332,909,1
93372,909,2
93376,909,7
93406,909,44
93415,909,1
93420,909,5
93424,909,1
93425,909,1
93427,909,145
93428,909,1
93430,909,10
93431,909,2
93436,909,1
93438,909,3
93439,909,1
93440,909,1
93441,909,1
93442,909,112
93450,909,2
93452,909,1
93463,909,10
93469,909,63
93474,909,6
93489,909,8
93490,909,1
93495,909,6
93498,909,3
93504,909,1
93506,909,3
93507,909,16
93508,909,1
93516,909,1
93519,909,1
93521,909,3
93526,909,4
93531,909,1
93533,909,2
93540,909,3
93541,909,1
93542,909,1
93543,909,1
93558,909,3
93559,909,2
93564,909,1
93568,909,1
93576,909,5
93577,909,1
93578,909,1
93582,909,4
93587,909,1
93597,909,1
93606,909,37
93609,909,3
93612,909,5
93614,909,14
93615,909,17
93630,909,2
93632,909,3
93633,909,8
93635,909,3
93731,909,1
93780,909,1
93782,909,1
93788,909,1
93790,909,1
93793,909,1
93796,909,1
93798,909,1
93802,909,31
93803,909,1
93805,909,1
93806,909,1
93811,909,1
93817,909,1
93824,909,2
93828,909,1
93834,909,1
93847,909,2
93848,909,1
93851,909,1
93852,909,1
93854,909,1
93856,909,2
93858,909,1
93859,909,1
93860,909,2
93862,909,2
93864,909,2
93871,909,1
93873,909,9
93876,909,1
93880,909,1
93882,909,1
93905,909,3
93950,909,1
93954,909,1
93965,909,1
93994,909,1
94065,909,1
94128,909,1
94196,909,2
94257,909,1
94259,909,11
94260,909,1
94268,909,5
94269,909,1
94270,909,2
94271,909,1
94272,909,1
94273,909,4
94274,909,1
94277,909,5
94278,909,1
94279,909,338
94282,909,2
94283,909,4
94284,909,8
94285,909,2
94286,909,6
94290,909,1
94292,909,2
94295,909,1
94297,909,159
94301,909,3
94302,909,8
94303,909,3
94305,909,3
94306,909,10
94307,909,1
94308,909,2
94309,909,1
94312,909,1
94313,909,1
94315,909,2
94316,909,3
94319,909,17
94322,909,14
94325,909,2
94330,909,105
94336,909,1
94337,909,112
94340,909,1
94343,909,1
94346,909,14
94347,909,1
94348,909,14
94354,909,2
94355,909,16
94357,909,6
94358,909,6
94359,909,1
94363,909,41
94366,909,3
94367,909,3
94368,909,9
94369,909,1
94371,909,1
94372,909,3
94373,909,15
94374,909,5
94375,909,30
94376,909,22
94377,909,4
94380,909,16
94382,909,1
94385,909,7
94386,909,2
94388,909,3
94390,909,1
94391,909,5
94392,909,19
94395,909,3
94396,909,6
94397,909,3
94398,909,2
94400,909,6
94401,909,9
94403,909,3
94485,909,2
94523,909,1
94525,909,3
94526,909,2
94527,909,1
94539,909,1
94554,909,1
94556,909,2
94693,909,1
94699,909,25
94705,909,5
94708,909,5
94711,909,1
94714,909,5
94715,909,11
94717,909,1
94718,909,175
94722,909,17
94724,909,21
94735,909,6
94736,909,2
94737,909,2
94738,909,6
94739,909,6
94749,909,21
94750,909,13
94751,909,6
94754,909,27
94757,909,18
94765,909,2
94768,909,3
94770,909,1
94774,909,3
94776,909,1
94824,909,1
94850,909,3
94861,909,1
94876,909,1
94908,909,2
94911,909,1
94912,909,3
94913,909,6
94915,909,1
94919,909,15
94920,909,1
94921,909,2
94923,909,2
94925,909,73
94926,909,1
94928,909,1
94929,909,1
94930,909,85
94933,909,7
94934,909,12
94935,909,3
94936,909,5
94940,909,1
94942,909,2
94944,909,1
94945,909,1
94946,909,32
94947,909,1
94951,909,8
94954,909,1
94955,909,1
94956,909,186
94957,909,4
94959,909,26
94967,909,1
94971,909,37
94976,909,1
94978,909,117
94979,909,1
94981,909,3
94983,909,1
94987,909,3
94989,909,78
94990,909,5
94991,909,1
94993,909,15
94997,909,4
94999,909,2
95001,909,32
95002,909,2
95004,909,41
95005,909,45
95006,909,4
95011,909,1
95013,909,1
95014,909,1
95015,909,16
95016,909,1
95017,909,8
95019,909,4
95022,909,2
95023,909,4
95025,909,90
95034,909,1
95053,909,4
95064,909,3
95071,909,8
95089,909,6
95091,909,33
95100,909,4
95103,909,2
95107,909,12
95108,909,33
95112,909,2
95114,909,10
95124,909,3
95125,909,35
95140,909,5
95142,909,1
95145,909,1
95155,909,6
95160,909,24
95161,909,1
95180,909,2
95181,909,7
95183,909,1
95184,909,17
95187,909,9
95189,909,28
95190,909,9
95192,909,1
95193,909,5
95194,909,4
95196,909,1
95197,909,1
95199,909,1
95205,909,7
95210,909,1
95276,909,1
95320,909,2
95348,909,1
95418,909,24
95421,909,1
95426,909,1
95435,909,1
95436,909,1
95446,909,3
95455,909,2
95459,909,1
95460,909,12
95462,909,5
95473,909,1
95480,909,2
95496,909,8
95503,909,2
95508,909,2
95510,909,1
95528,909,2
95535,909,1
95537,909,2
95544,909,4
95546,909,2
95548,909,1
95556,909,9
95571,909,1
95573,909,3
95584,909,8
95585,909,1
95594,909,1
95600,909,1
95601,909,4
95608,909,1
95610,909,1
95633,909,1
95638,909,1
95640,909,1
95647,909,3
95652,909,7
95659,909,2
95662,909,1
95666,909,1
95668,909,1
95672,909,1
95676,909,1
95678,909,3
95679,909,31
95681,909,1
95684,909,1
95690,909,1
95692,909,1
95696,909,1
95697,909,1
95700,909,1
95702,909,15
95703,909,8
95704,909,1
95706,909,4
95708,909,1
95710,909,5
95713,909,1
95714,909,1
95716,909,1
95718,909,1
95723,909,1
95726,909,1
95728,909,1
95740,909,1
95757,909,1
95773,909,1
95774,909,1
95780,909,12
95784,909,4
95788,909,20
95789,909,4
95790,909,53
95792,909,1
95793,909,1
95794,909,1
95797,909,3
95807,909,18
95811,909,2
95812,909,7
95813,909,3
95815,909,1
95816,909,8
95817,909,2
95819,909,1
95822,909,11
95824,909,3
95825,909,3
95827,909,1
95828,909,15
95829,909,1
95831,909,1
95836,909,725
95842,909,1
95843,909,167
95851,909,12
95852,909,2
95853,909,12
95859,909,1
95860,909,13
95862,909,1
95863,909,3
95866,909,1
95868,909,3
95871,909,1
95872,909,1
95873,909,25
95876,909,17
95877,909,24
95878,909,1
95879,909,5
95880,909,18
95882,909,2
95883,909,1
95884,909,13
95887,909,1
95889,909,2
95891,909,3
95895,909,20
95897,909,18
95898,909,5
95900,909,5
95901,909,6
95902,909,7
95928,909,1
95930,909,1
95956,909,2
95957,909,1
95958,909,4
95959,909,7
95960,909,8
95966,909,1
95970,909,4
96002,909,1
96010,909,1
96012,909,1
96017,909,3
96028,909,2
96046,909,30
96047,909,25
96049,909,721
96063,909,3
96067,909,1
96071,909,1
96072,909,4
96073,909,1
96074,909,1
96075,909,29
96078,909,1
96083,909,3
96087,909,1
96088,909,1
96091,909,1
96106,909,1
96110,909,1
96126,909,1
96132,909,2
96145,909,2
96149,909,1
96185,909,6
96192,909,1
96199,909,1
96211,909,1
96227,909,1
96228,909,2
96260,909,1
96279,909,1
96304,909,4
96305,909,2
96314,909,2
96315,909,1
96317,909,1
96322,909,1
96329,909,1
96334,909,1
96336,909,2
96338,909,1
96341,909,11
96361,909,1
96364,909,31
96366,909,1
96367,909,1
96373,909,12
96374,909,1
96376,909,29
96377,909,7
96378,909,1
96379,909,3
96381,909,2
96383,909,52
96386,909,1
96387,909,6
96388,909,1
96389,909,1
96393,909,1
96395,909,1
96397,909,1
96399,909,2
96405,909,1
96406,909,1
96411,909,9
96415,909,1
96420,909,7
96427,909,11
96429,909,14
96430,909,1
96432,909,1
96436,909,1
96437,909,1
96439,909,13
96442,909,2
96444,909,1
96446,909,1
96449,909,1
96451,909,2
96454,909,1
96461,909,2
96464,909,1
96466,909,1
96467,909,1
96468,909,1
96469,909,3
96474,909,1
96484,909,1
96498,909,3
96519,909,1
96559,909,1
96563,909,1
96565,909,1
96723,909,1
96729,909,7
96734,909,1
96735,909,18
96737,909,1
96738,909,3
96740,909,5
96741,909,7
96743,909,2
96744,909,10
96748,909,10
96749,909,1
96751,909,5
96759,909,5
96760,909,26
96761,909,2
96763,909,31
96769,909,3
96770,909,10
96775,909,1
96779,909,1
96782,909,2
96786,909,3
96787,909,2
96790,909,2
96791,909,3
96793,909,4
96799,909,1
96804,909,72
96808,909,20
96811,909,35
96813,909,1
96814,909,6
96816,909,1
96818,909,2
96819,909,1
96821,909,41
96822,909,1
96825,909,8
96827,909,5
96831,909,1
96832,909,10
96834,909,1
96835,909,7
96836,909,1
96839,909,2
96843,909,3
96845,909,1
96847,909,1
96854,909,1
96858,909,2
96864,909,1
96947,909,1
96951,909,1
96956,909,4
96963,909,1
96969,909,2
96972,909,1
96976,909,16
96984,909,7
96987,909,1
96993,909,202
96998,909,3
97004,909,1
97023,909,1
97068,909,7
97079,909,1
97103,909,1
97108,909,2
97115,909,2
97120,909,27
97125,909,1
97126,909,41
97130,909,7
97131,909,1
97136,909,1
97138,909,2
97140,909,1
97142,909,18
97146,909,167
97147,909,2
97148,909,1
97158,909,3
97164,909,18
97170,909,5
97171,909,1
97182,909,29
97183,909,1
97185,909,4
97187,909,2
97188,909,1
97190,909,1
97196,909,6
97197,909,1
97198,909,3
97200,909,1
97202,909,1
97212,909,1
97218,909,7
97219,909,1
97231,909,4
97238,909,2
97244,909,5
97254,909,2
97265,909,1
97269,909,1
97276,909,1
97292,909,1
97293,909,1
97294,909,2
97300,909,1
97301,909,2
97302,909,5
97303,909,2
97338,909,1
97339,909,2
97340,909,3
97426,909,28
97427,909,4
97444,909,1
97460,909,1
97488,909,7
97498,909,1
97503,909,1
97514,909,1
97523,909,1
97538,909,1
97579,909,5
97583,909,1
97661,909,1
97683,909,3
97714,909,1
97721,909,6
97742,909,1
97755,909,1
97758,909,7
97762,909,3
97834,909,1
97839,909,1
97840,909,5
97841,909,2
97848,909,29
97849,909,1
97850,909,2
97852,909,1
97854,909,19
97858,909,2
97859,909,3
97860,909,341
97864,909,27
97865,909,3
97866,909,1
97873,909,1
97877,909,13
97878,909,3
97879,909,1
97880,909,2
97881,909,5
97882,909,2
97884,909,18
97885,909,6
97891,909,3
97892,909,7
97894,909,3
97895,909,2
97898,909,11
97901,909,36
97909,909,31
97910,909,2
97913,909,2
97914,909,3
97916,909,128
97923,909,1
97926,909,9
97928,909,9
97932,909,5
97934,909,2
97935,909,11
97937,909,22
97938,909,3
97939,909,1
97943,909,15
97944,909,6
97946,909,8
97947,909,3
97948,909,1
97952,909,20
97953,909,1
97954,909,1
97955,909,105
97956,909,18
97960,909,10
97965,909,8
97966,909,1
97968,909,7
97971,909,4
97972,909,3
97974,909,3
97975,909,4
97976,909,4
97977,909,1
97979,909,1
97980,909,6
97982,909,3
98030,909,1
98049,909,5
98050,909,3
98051,909,1
98052,909,21
98053,909,50
98054,909,243
98055,909,44
98056,909,8
98057,909,113
98058,909,2
98060,909,194
98062,909,23
98063,909,5
98064,909,1
98066,909,1
98068,909,3
98069,909,1
98070,909,1
98072,909,6
98073,909,1
98074,909,1
98075,909,5
98076,909,3
98077,909,2
98078,909,8
98079,909,2
98080,909,78
98081,909,2
98082,909,15
98083,909,2
98084,909,43
98085,909,1
98087,909,3
98088,909,9
98089,909,8
98090,909,8
98091,909,1
98092,909,3
98093,909,13
98094,909,5
98095,909,243
98096,909,10
98097,909,6
98098,909,1
98099,909,1
98100,909,2
98101,909,1
98102,909,5
98103,909,845
98104,909,1
98105,909,9
98106,909,145
98107,909,2
98108,909,1
98109,909,1
98110,909,1
98111,909,1
98113,909,6
98114,909,18
98115,909,4
98126,909,1
98144,909,1
98162,909,1
98167,909,1
98179,909,1
98192,909,1
98197,909,10
98198,909,1
98203,909,2
98213,909,9
98226,909,1
98227,909,39
98228,909,1
98230,909,1
98231,909,1
98232,909,124
98233,909,14
98234,909,3
98235,909,1
98237,909,1
98239,909,2
98241,909,1
98243,909,2
98245,909,1
98246,909,1
98248,909,2
98249,909,8
98251,909,1
98252,909,4
98254,909,2
98256,909,1
98257,909,25
98258,909,2
98259,909,2
98260,909,1
98261,909,1
98262,909,3
98263,909,3
98264,909,1
98269,909,8
98270,909,2
98271,909,2
98275,909,1
98276,909,2
98277,909,2
98278,909,1
98291,909,15
98301,909,2
98311,909,1
98324,909,1
98328,909,1
98336,909,2
98339,909,13
98346,909,2
98351,909,1
98353,909,2
98365,909,1
98366,909,3
98370,909,1
98373,909,8
98380,909,3
98384,909,1
98385,909,16
98386,909,1
98390,909,6
98401,909,11
98430,909,1
98438,909,1
98439,909,9
98445,909,3
98451,909,2
98452,909,2
98454,909,1
98455,909,1
98461,909,5
98462,909,4
98464,909,1
98466,909,2
98467,909,1
98468,909,3
98474,909,10
98475,909,10
98487,909,19
98491,909,1
98493,909,1
98494,909,1
98495,909,1
98496,909,4
98498,909,22
98507,909,37
98511,909,1
98513,909,1
98514,909,24
98526,909,1
98527,909,1
98545,909,1
98551,909,4
98552,909,4
98555,909,3
98568,909,8
98569,909,28
98578,909,38
98586,909,11
98591,909,1
98598,909,2
98600,909,1
98601,909,83
98603,909,6
98604,909,7
98609,909,1
98610,909,1
98612,909,1
98613,909,1
98618,909,1
98619,909,2
98620,909,1
98622,909,4
98625,909,2
98632,909,2
98635,909,1
98639,909,12
98641,909,1
98647,909,1
98651,909,51
98653,909,3
98654,909,2
98662,909,1
98663,909,1
98674,909,1
98677,909,5
98686,909,1
98689,909,1
98690,909,9
98763,909,1
98767,909,3
98775,909,3
98787,909,2
98788,909,1
98790,909,4
98810,909,12
98837,909,1
98838,909,1
98844,909,5
98846,909,1
98849,909,1
98850,909,1
98851,909,4
98852,909,1
98853,909,1
98856,909,2
98857,909,3
98867,909,3
98874,909,2
98884,909,3
98888,909,9
98893,909,15
98905,909,4
98906,909,1
98910,909,1
98911,909,1
98916,909,55
98918,909,8
98920,909,20
98921,909,3
98922,909,4
98924,909,1
98934,909,1
98938,909,40
98940,909,1
98986,909,2
98995,909,1
99004,909,11
99016,909,1
99031,909,1
99038,909,1
99050,909,1
99055,909,3
99061,909,1
99063,909,2
99067,909,1
99078,909,1
99085,909,1
99087,909,14
99116,909,1
99125,909,4
99133,909,3
99134,909,1
99138,909,1
99140,909,1
99146,909,1
99160,909,1
99190,909,1
99195,909,1
99196,909,1
99197,909,3
99198,909,5
99199,909,1
99220,909,1
99225,909,2
99226,909,1
99235,909,1
99246,909,5
99249,909,1
99257,909,6
99261,909,3
99289,909,1
99290,909,2
99295,909,13
99307,909,6
99311,909,1
99322,909,18
99327,909,2
99336,909,2
99339,909,10
99341,909,14
99352,909,1
99356,909,1
99358,909,1
99359,909,1
99369,909,2
99372,909,1
99402,909,1
99411,909,19
99421,909,2
99422,909,1
99439,909,3
99445,909,1
99446,909,1
99453,909,1
99459,909,1
99462,909,1
99468,909,1
99475,909,1
99482,909,1
99484,909,1
99491,909,1
99493,909,1
99498,909,3
99503,909,8
99506,909,1
99507,909,3
99508,909,1
99515,909,1
99537,909,1
99539,909,7
99544,909,2
99549,909,24
99550,909,2
99566,909,4
99579,909,1
99598,909,4
99601,909,1
99602,909,1
99608,909,5
99612,909,1
99613,909,2
99618,909,6
99622,909,1
99625,909,5
99632,909,1
99640,909,1
99647,909,30
99662,909,1
99669,909,1
99675,909,1
99678,909,1
99680,909,1
99689,909,12
99695,909,3
99696,909,2
99704,909,2
99706,909,6
99707,909,1
99717,909,2
99723,909,1
99726,909,1
99730,909,1
99732,909,2
99735,909,1
99739,909,1
99741,909,5
99742,909,1
99745,909,2
99748,909,1
99750,909,1
99752,909,6
99753,909,1
99755,909,2
99757,909,3
99761,909,2
99763,909,1
99770,909,2
99771,909,1
99773,909,1
99777,909,3
99785,909,1
99787,909,1
99788,909,1
99796,909,1
99798,909,1
99799,909,1
99816,909,1
99832,909,1
99902,909,1
99909,909,1
99910,909,30
99914,909,1
99915,909,1
99916,909,2
99926,909,1
99936,909,1
99940,909,1
99941,909,1
99949,909,1
99951,909,1
99954,909,1
99956,909,1
99958,909,4
99963,909,18
99965,909,1
99966,909,1
99967,909,1
99974,909,1
99977,909,1
99991,909,7
99997,909,1
100001,909,24
100003,909,2
100013,909,18
100019,909,2
100021,909,10
100022,909,1
100026,909,1
100028,909,1
100030,909,1
100035,909,1
100036,909,3
100045,909,1
100100,909,2
100118,909,21
100122,909,8
100123,909,1
100130,909,1
100134,909,1
100152,909,2
100155,909,1
100156,909,6
100161,909,6
100174,909,2
100181,909,4
100183,909,1
100189,909,1
100210,909,1
100226,909,26
100231,909,1
100242,909,12
100247,909,1
100251,909,1
100262,909,1
100265,909,1
100269,909,8
100275,909,9
100282,909,1
100284,909,1
100290,909,1
100296,909,3
100301,909,1
100305,909,1
100307,909,2
100308,909,2
100312,909,1
100316,909,1
100321,909,1
100327,909,1
100402,909,1
100460,909,2
100492,909,3
100498,909,2
100499,909,1
100503,909,6
100506,909,2
100515,909,1
100519,909,1
100524,909,2
100526,909,2
100527,909,4
100538,909,2
100541,909,1
100546,909,2
100547,909,2
100549,909,2
100556,909,1
100558,909,1
100560,909,2
100591,909,1
100596,909,5
100600,909,6
100604,909,1
100615,909,2
100617,909,1
100621,909,13
100624,909,2
100629,909,2
100634,909,8
100643,909,5
100646,909,1
100651,909,2
100654,909,3
100655,909,3
100664,909,1
100666,909,1
100671,909,6
100824,909,1
100887,909,1
100899,909,2
100901,909,1
100927,909,2
100957,909,1
100968,909,2
100980,909,1
100985,909,2
100997,909,1
101100,909,1
101119,909,9
101120,909,7
101122,909,213
101131,909,1
101138,909,1
101141,909,8
101148,909,1
101157,909,4
101158,909,2
101169,909,3
101170,909,1
101172,909,1
101177,909,1
101185,909,1
101192,909,1
101194,909,2
101196,909,2
101199,909,12
101221,909,1
101224,909,47
101226,909,1
101227,909,1
101232,909,18
101233,909,1
101234,909,1
101235,909,44
101236,909,11
101237,909,1
101238,909,5
101240,909,3
101242,909,78
101244,909,1
101245,909,9
101246,909,2
101247,909,2
101250,909,1
101252,909,2
101254,909,1
101256,909,3
101259,909,1
101261,909,1
101262,909,1
101267,909,14
101269,909,1
101271,909,2
101273,909,11
101279,909,16
101281,909,22
101282,909,1
101284,909,1
101287,909,1
101288,909,1
101289,909,19
101290,909,1
101291,909,1
101292,909,2
101293,909,2
101294,909,1
101297,909,2
101298,909,1
101299,909,2
101301,909,1
101306,909,3
101307,909,1
101308,909,1
101309,909,2
101310,909,1
101311,909,1
101312,909,2
101313,909,1
101314,909,5
101315,909,4
101317,909,3
101319,909,3
101327,909,3
101334,909,13
101339,909,1
101341,909,3
101349,909,1
101350,909,6
101365,909,1
101368,909,3
101377,909,3
101385,909,1
101391,909,2
101393,909,1
101394,909,8
101397,909,1
101399,909,9
101402,909,7
101403,909,1
101404,909,1
101408,909,1
101439,909,1
101455,909,1
101457,909,1
101477,909,3
101480,909,1
101483,909,2
101490,909,2
101518,909,1
101558,909,1
101567,909,1
101571,909,5
101576,909,2
101584,909,58
101585,909,1
101726,909,1
101731,909,1
101736,909,3
101743,909,2
101744,909,2
101748,909,1
101750,909,8
101758,909,1
101759,909,1
101770,909,1
101781,909,13
101784,909,3
101791,909,1
101796,909,1
101797,909,19
101800,909,8
101802,909,1
101805,909,4
101808,909,8
101809,909,4
101811,909,1
101822,909,1
101828,909,4
101878,909,1
101887,909,1
101903,909,1
101952,909,5
101956,909,1
102005,909,3
102014,909,12
102037,909,1
102050,909,2
102053,909,15
102057,909,7
102120,909,1
102125,909,5
102130,909,3
102134,909,63
102138,909,5
102139,909,1
102150,909,2
102154,909,1
102157,909,3
102158,909,1
102163,909,1
102164,909,1
102166,909,1
102170,909,2
102173,909,7
102177,909,6
102184,909,24
102190,909,2
102192,909,2
102196,909,1
102199,909,2
102201,909,4
102202,909,1
102206,909,3
102207,909,1
102209,909,2
102210,909,1
102213,909,4
102216,909,19
102217,909,3
102221,909,2
102225,909,1
102227,909,1
102230,909,1
102233,909,1
102234,909,1
102235,909,1
102238,909,1
102240,909,1
102304,909,1
102328,909,1
102329,909,4
102330,909,1
102332,909,2
102333,909,3
102336,909,1
102338,909,1
102343,909,4
102345,909,13
102347,909,2
102354,909,1
102361,909,2
102363,909,1
102376,909,1
102379,909,2
102384,909,1
102396,909,1
102402,909,2
102408,909,3
102423,909,3
102438,909,3
102440,909,1
102443,909,25
102444,909,2
102450,909,5
102461,909,22
102474,909,5
102485,909,1
102521,909,1
102526,909,5
102533,909,1
102540,909,1
102553,909,1
102560,909,3
102567,909,1
102572,909,6
102577,909,2
102588,909,4
102627,909,1
102637,909,1
102641,909,2
102645,909,1
102658,909,2
102670,909,5
102671,909,15
102678,909,21
102717,909,2
102725,909,1
102730,909,1
102731,909,1
102742,909,1
102749,909,1
102762,909,1
102767,909,3
102773,909,5
102789,909,1
102802,909,20
102804,909,3
102806,909,7
102807,909,1
102808,909,1
102826,909,14
102849,909,1
102890,909,1
102892,909,5
102902,909,13
102910,909,11
102911,909,3
102915,909,2
102917,909,3
102922,909,1
102923,909,5
102934,909,1
102937,909,4
102938,909,1
102946,909,1
102947,909,1
102953,909,1
102955,909,1
102961,909,1
102963,909,2
102964,909,1
102966,909,1
102967,909,4
102972,909,5
102973,909,3
102974,909,9
102975,909,19
102976,909,3
102978,909,1
102979,909,1
102983,909,1
102989,909,1
102998,909,3
103002,909,1
103016,909,1
103020,909,1
103021,909,1
103038,909,1
103043,909,49
103051,909,1
103053,909,1
103056,909,1
103058,909,1
103060,909,22
103062,909,1
103064,909,4
103065,909,1
103071,909,1
103075,909,65
103081,909,7
103092,909,6
103096,909,38
103098,909,51
103109,909,2
103110,909,1
103114,909,1
103117,909,3
103123,909,5
103125,909,5
103126,909,5
103127,909,1
103133,909,1
103137,909,9
103141,909,3
103142,909,1
103163,909,1
103171,909,27
103179,909,4
103180,909,1
103185,909,1
103187,909,1
103197,909,4
103200,909,1
103203,909,1
103204,909,1
103210,909,1
103214,909,1
103215,909,1
103217,909,1
103221,909,1
103228,909,2
103234,909,1
103236,909,1
103243,909,1
103245,909,2
103250,909,5
103255,909,11
103257,909,1
103258,909,4
103259,909,1
103261,909,1
103266,909,1
103279,909,1
103283,909,1
103287,909,1
103288,909,20
103290,909,1
103291,909,5
103294,909,65
103295,909,4
103296,909,1
103301,909,1
103306,909,1
103307,909,11
103309,909,1
103310,909,1
103315,909,1
103317,909,3
103327,909,1
103330,909,1
103343,909,1
103355,909,1
103410,909,1
103414,909,2
103415,909,1
103416,909,1
103422,909,10
103424,909,2
103426,909,1
103427,909,2
103429,909,2
103430,909,5
103431,909,256
103435,909,1
103436,909,7
103437,909,6
103438,909,15
103440,909,1
103442,909,1
103444,909,3
103445,909,1
103446,909,1
103448,909,1
103449,909,6
103451,909,1
103452,909,3
103453,909,1
103455,909,2
103456,909,4
103460,909,1
103461,909,8
103462,909,1
103463,909,1
103464,909,2
103465,909,6
103466,909,7
103469,909,4
103472,909,2
103473,909,2
103477,909,1
103480,909,5
103482,909,5
103489,909,6
103491,909,3
103492,909,5
103494,909,1
103495,909,31
103498,909,2
103500,909,148
103501,909,2
103502,909,5
103503,909,6
103504,909,7
103506,909,1
103507,909,2
103508,909,3
103511,909,6
103513,909,1
103515,909,4
103516,909,1
103517,909,1
103519,909,2
103520,909,2
103522,909,2
103523,909,3
103525,909,1
103526,909,2
103527,909,3
103529,909,1
103531,909,24
103537,909,1
103539,909,3
103540,909,1
103543,909,80
103546,909,6
103547,909,1
103551,909,1
103553,909,2
103555,909,1
103557,909,62
103561,909,1
103570,909,6
103572,909,35
103574,909,3
103580,909,5
103581,909,1
103582,909,3
103585,909,2
103590,909,1
103592,909,2
103593,909,9
103598,909,1
103602,909,1
103604,909,2
103629,909,1
103631,909,1
103634,909,6
103639,909,1
103644,909,1
103647,909,1
103648,909,1
103650,909,1
103651,909,1
103652,909,63
103655,909,1
103657,909,25
103658,909,4
103661,909,1
103663,909,1
103665,909,3
103667,909,1
103668,909,1
103669,909,1
103670,909,3
103674,909,1
103676,909,1
103679,909,1
103689,909,7
103692,909,2
103693,909,20
103700,909,18
103702,909,1
103712,909,2
103713,909,6
103718,909,1
103720,909,11
103722,909,3
103725,909,1
103726,909,1
103728,909,4
103733,909,1
103736,909,1
103737,909,1
103739,909,1
103741,909,1
103748,909,1
103749,909,1
103752,909,1
103759,909,1
103766,909,1
103768,909,40
103772,909,1
103773,909,1
103775,909,1
103784,909,19
103789,909,1
103793,909,1
103804,909,2
103807,909,2
103810,909,12
103816,909,13
103823,909,2
103825,909,2
103831,909,2
103833,909,1
103834,909,1
103837,909,5
103842,909,1
103846,909,2
103847,909,1
103848,909,4
103849,909,3
103850,909,1
103853,909,2
103857,909,1
103861,909,1
103862,909,2
103864,909,1
103867,909,1
103868,909,1
103944,909,1
104003,909,1
104012,909,5
104014,909,1
104024,909,1
104027,909,1
104028,909,1
104045,909,1
104119,909,2
104123,909,2
104135,909,1
104140,909,5
104142,909,1
104145,909,1
104149,909,3
104154,909,2
104161,909,1
104163,909,1
104164,909,1
104176,909,3
104186,909,2
104194,909,1
104195,909,2
104207,909,2
104223,909,1
104233,909,1
104236,909,1
104345,909,1
104397,909,12
104406,909,2
104409,909,37
104412,909,4
104413,909,1
104416,909,1
104418,909,1
104422,909,3
104424,909,1
104429,909,2
104430,909,18
104432,909,1
104433,909,1
104438,909,3
104440,909,3
104442,909,1
104458,909,1
104484,909,1
104549,909,1
104552,909,2
104562,909,1
104572,909,18
104573,909,15
104575,909,426
104588,909,2
104594,909,1
104595,909,2
104596,909,1
104598,909,17
104601,909,1
104605,909,2
104641,909,2
104642,909,1
104650,909,1
104651,909,1
104669,909,1
104671,909,1
104674,909,6
104696,909,4
104702,909,18
104707,909,8
104712,909,3
104715,909,8
104716,909,2
104718,909,1
104721,909,13
104723,909,2
104732,909,1
104738,909,2
104743,909,2
104745,909,3
104746,909,4
104752,909,3
104775,909,1
104776,909,16
104778,909,10
104780,909,10
104781,909,2
104789,909,10
104790,909,1
104793,909,1
104794,909,1
104798,909,48
104799,909,1
104803,909,3
104805,909,12
104813,909,2
104814,909,20
104819,909,1
104825,909,1
104826,909,1
104828,909,1
104831,909,5
104835,909,9
104841,909,2
104846,909,12
104847,909,1
104855,909,2
104861,909,2
104862,909,6
104865,909,3
104866,909,30
104867,909,1
104869,909,4
104871,909,32
104872,909,1
104874,909,24
104875,909,3
104876,909,3
104878,909,2
104880,909,3
104884,909,1
104886,909,1
104901,909,1
104929,909,1
104931,909,1
104936,909,1
104973,909,1
104981,909,1
104985,909,5
104990,909,2
104997,909,62
104998,909,1
105035,909,2
105058,909,1
105061,909,2
105065,909,2
105068,909,26
105071,909,1
105072,909,39
105075,909,6
105076,909,1
105079,909,1
105081,909,2
105083,909,1
105085,909,18
105088,909,158
105089,909,2
105090,909,1
105095,909,2
105097,909,17
105099,909,5
105100,909,1
105104,909,28
105105,909,1
105106,909,4
105107,909,2
105108,909,1
105109,909,1
105112,909,6
105113,909,1
105114,909,3
105116,909,1
105117,909,1
105122,909,1
105123,909,6
105124,909,1
105134,909,1
105158,909,1
105242,909,1
105305,909,2
105351,909,1
105355,909,6
105368,909,1
105376,909,1
105379,909,7
105381,909,3
105449,909,1
105454,909,7
105456,909,1
105459,909,4
105462,909,1
105463,909,80
105467,909,6
105468,909,1
105479,909,3
105480,909,1
105483,909,1
105486,909,4
105487,909,1
105492,909,1
105493,909,2
105495,909,1
105499,909,3
105502,909,8
105506,909,7
105511,909,1
105513,909,30
105520,909,2
105522,909,2
105526,909,1
105529,909,2
105531,909,5
105532,909,1
105536,909,3
105537,909,1
105539,909,2
105540,909,1
105543,909,5
105546,909,25
105547,909,4
105551,909,2
105555,909,2
105557,909,2
105560,909,1
105561,909,1
105563,909,1
105564,909,1
105565,909,1
105568,909,1
105570,909,1
105601,909,1
105622,909,1
105641,909,1
105647,909,1
105654,909,2
105656,909,1
105669,909,1
105672,909,2
105677,909,1
105688,909,1
105694,909,2
105700,909,3
105713,909,3
105727,909,3
105729,909,1
105732,909,25
105733,909,2
105739,909,5
105750,909,22
105754,909,4
105793,909,1
105796,909,4
105805,909,1
105817,909,1
105823,909,2
105829,909,1
105834,909,5
105838,909,2
105848,909,3
105859,909,1
105871,909,1
105881,909,1
105882,909,1
105891,909,2
105901,909,2
105906,909,4
105910,909,2
105925,909,1
105926,909,2
105932,909,3
105970,909,1
105977,909,1
105993,909,1
106013,909,1
106017,909,2
106022,909,3
106034,909,1
106046,909,11
106048,909,2
106050,909,4
106052,909,1
106068,909,8
106142,909,1
106152,909,2
106185,909,5
106193,909,1
106206,909,1
106242,909,1
106246,909,2
106249,909,1
106277,909,1
106278,909,2
106291,909,1
106292,909,1
106293,909,1
106294,909,1
106300,909,1
106304,909,4
106306,909,3
106307,909,2
106321,909,1
106325,909,1
106326,909,1
106328,909,2
106329,909,3
106407,909,8
106457,909,1
106462,909,4
106541,909,1
106675,909,1
106702,909,4
106768,909,1
106773,909,2
106781,909,1
106782,909,2
106793,909,2
106808,909,1
106817,909,1
106820,909,1
106885,909,5
106896,909,1
106899,909,4
106900,909,2
106910,909,8
106911,909,1
106917,909,1
106919,909,5
106923,909,2
106924,909,35
106925,909,1
106926,909,15
106932,909,1
106937,909,2
106938,909,1
106944,909,7
106951,909,1
106960,909,23
106968,909,6
106973,909,6
106974,909,1
106975,909,4
106982,909,1
106995,909,6
107002,909,4
107004,909,5
107011,909,12
107013,909,6
107014,909,1
107015,909,2
107016,909,1
107020,909,1
107023,909,28
107028,909,1
107029,909,1
107038,909,3
107087,909,1
107122,909,1
107133,909,1
107187,909,1
107188,909,1
107193,909,1
107197,909,5
107200,909,4
107201,909,2
107220,909,1
107222,909,6
107232,909,1
107287,909,3
107316,909,1
107389,909,3
107398,909,1
107416,909,2
107431,909,1
107437,909,1
107445,909,1
107450,909,14
107460,909,3
107465,909,1
107612,909,1
107635,909,1
107676,909,1
107677,909,4
107678,909,1
107679,909,2
107680,909,3
107682,909,1
107683,909,1
107684,909,4
107685,909,13
107686,909,2
107728,909,1
107752,909,4
107757,909,1
107766,909,3
107780,909,1
107801,909,1
107813,909,1
107821,909,1
107827,909,1
107870,909,1
108030,909,1
108039,909,3
108047,909,3
108048,909,1
108054,909,1
108058,909,1
108072,909,1
108100,909,1
108105,909,1
108106,909,1
108107,909,2
108108,909,4
108109,909,1
108129,909,1
108146,909,2
108152,909,7
108153,909,34
108170,909,2
108177,909,1
108187,909,2
108192,909,1
108193,909,2
108227,909,1
108228,909,1
108252,909,5
108281,909,10
108289,909,1
108307,909,1
108338,909,1
108355,909,1
108359,909,2
108364,909,4
108366,909,1
108367,909,2
108395,909,1
108396,909,1
108399,909,2
108400,909,7
108414,909,2
108418,909,6
108429,909,1
108471,909,1
108477,909,4
108494,909,2
108510,909,1
108531,909,1
108539,909,1
108540,909,1
108574,909,1
108582,909,18
108588,909,1
108609,909,1
108614,909,1
108635,909,2
108640,909,11
108644,909,1
108672,909,5
108675,909,1
108676,909,2
108677,909,2
108689,909,1
108703,909,1
108799,909,1
108903,909,11
108918,909,5
108935,909,1
108939,909,3
108945,909,3
108961,909,1
108971,909,1
108972,909,1
108984,909,1
108992,909,5
108994,909,1
108995,909,1
108997,909,31
108998,909,2
108999,909,1
109007,909,35
109009,909,1
109012,909,1
109016,909,1
109017,909,13
109018,909,29
109022,909,4
109023,909,7
109024,909,3
109025,909,10
109027,909,1
109029,909,1
109031,909,2
109034,909,1
109035,909,1
109036,909,5
109040,909,1
109043,909,4
109044,909,1
109050,909,1
109051,909,17
109053,909,4
109056,909,10
109057,909,2
109060,909,9
109068,909,10
109074,909,4
109075,909,10
109085,909,2
109088,909,2
109096,909,2
109098,909,7
109099,909,13
109102,909,2
109104,909,20
109105,909,1
109107,909,32
109109,909,144
109110,909,3
109113,909,41
109114,909,12
109115,909,24
109116,909,1
109117,909,4
109118,909,6
109119,909,3
109120,909,2
109121,909,1
109122,909,2
109124,909,1
109127,909,5
109129,909,2
109131,909,1
109132,909,1
109133,909,2
109137,909,1
109138,909,1
109141,909,11
109142,909,1
109144,909,1
109177,909,1
109186,909,5
109187,909,1
109188,909,1
109199,909,1
109202,909,1
109204,909,1
109219,909,1
109233,909,2
109245,909,1
109246,909,2
109250,909,1
109258,909,2
109275,909,2
109283,909,1
109285,909,1
109287,909,1
109288,909,2
109289,909,1
109313,909,1
109335,909,1
109360,909,3
109362,909,1
109388,909,1
109395,909,1
109421,909,45
109424,909,2
109430,909,1
109439,909,3
109440,909,1
109449,909,5
109456,909,1
109458,909,3
109462,909,1
109463,909,23
109464,909,1
109465,909,10
109471,909,1
109476,909,2
109483,909,5
109490,909,1
109499,909,15
109506,909,4
109511,909,4
109513,909,2
109519,909,1
109530,909,4
109537,909,2
109538,909,3
109545,909,8
109547,909,4
109549,909,2
109550,909,1
109557,909,18
109562,909,1
109571,909,2
109581,909,1
109582,909,1
109591,909,1
109603,909,1
109604,909,1
109637,909,1
109639,909,12
109678,909,1
109683,909,1
109686,909,1
109692,909,2
109716,909,1
109717,909,1
109723,909,1
109783,909,1
109785,909,3
109799,909,1
109806,909,1
109807,909,1
109820,909,1
109854,909,10
109856,909,1
109862,909,1
109865,909,2
109923,909,2
109974,909,1
110006,909,1
110014,909,1
110031,909,2
110044,909,1
110050,909,1
110057,909,1
110061,909,12
110071,909,3
110076,909,1
110084,909,1
110092,909,1
110104,909,1
110133,909,1
110135,909,1
110140,909,6
110144,909,1
110168,909,1
110178,909,1
110187,909,2
110191,909,1
110204,909,1
110220,909,1
110222,909,3
110255,909,14
110257,909,1
110278,909,1
110310,909,1
110333,909,1
110335,909,1
110346,909,2
110351,909,2
110355,909,29
110358,909,2
110369,909,1
110375,909,2
110376,909,1
110381,909,1
110386,909,1
110387,909,3
110390,909,3
110397,909,11
110401,909,1
110403,909,1
110410,909,1
110412,909,2
110417,909,1
110418,909,1
110420,909,1
110424,909,2
110427,909,9
110428,909,2
110432,909,1
110436,909,1
110438,909,1
110449,909,1
110463,909,1
110488,909,2
110513,909,3
110537,909,2
110538,909,5
110539,909,22
110540,909,4
110541,909,1
110542,909,10
110544,909,17
110545,909,2
110549,909,1
110554,909,1
110556,909,7
110558,909,1
110560,909,4
110562,909,1
110563,909,1
110564,909,1
110567,909,1
110569,909,22
110570,909,1
110571,909,1
110575,909,76
110576,909,1
110577,909,13
110581,909,1
110582,909,2
110586,909,2
110587,909,57
110588,909,1
110590,909,1
110591,909,1
110592,909,180
110593,909,21
110594,909,4
110595,909,1
110597,909,1
110599,909,2
110600,909,1
110601,909,1
110603,909,3
110604,909,1
110605,909,2
110606,909,1
110608,909,3
110609,909,12
110612,909,1
110613,909,6
110614,909,1
110615,909,2
110617,909,1
110618,909,36
110619,909,3
110620,909,3
110621,909,1
110622,909,2
110623,909,4
110624,909,5
110625,909,1
110629,909,1
110630,909,1
110632,909,12
110634,909,3
110635,909,2
110636,909,1
110639,909,1
110641,909,2
110642,909,3
110643,909,2
110664,909,2
110694,909,2
110712,909,1
110721,909,2
110725,909,1
110733,909,1
110774,909,1
110778,909,1
110787,909,1
110804,909,2
110805,909,2
110810,909,2
110844,909,1
110845,909,1
110852,909,7
110854,909,1
110857,909,1
110858,909,1
110861,909,5
110862,909,1
110863,909,1
110867,909,2
110868,909,3
110880,909,4
110887,909,2
110901,909,3
110908,909,11
110914,909,19
110931,909,5
110932,909,1
110939,909,1
110940,909,1
110946,909,70
110948,909,10
110950,909,25
110951,909,3
110952,909,4
110954,909,1
110967,909,1
110971,909,51
110974,909,1
110987,909,1
111033,909,1
111125,909,4
111137,909,2
111152,909,5
111155,909,1
111165,909,3
111166,909,4
111192,909,1
111213,909,8
111220,909,1
111228,909,1
111255,909,1
111259,909,3
111262,909,1
111284,909,2
111285,909,6
111295,909,1
111310,909,1
111311,909,1
111312,909,1
111327,909,1
111345,909,1
111368,909,1
111419,909,1
111434,909,1
111440,909,1
111447,909,3
111459,909,2
111463,909,1
111509,909,6
111510,909,1
111512,909,1
111513,909,2
111514,909,3
111527,909,1
111551,909,1
111554,909,1
111619,909,5
111633,909,2
111653,909,2
111659,909,2
111675,909,1
111763,909,1
111764,909,1
111792,909,2
111898,909,1
111947,909,1
111954,909,1
111964,909,1
111986,909,1
112011,909,1
112039,909,2
112041,909,1
112065,909,1
112090,909,1
112100,909,1
112124,909,1
112126,909,2
112133,909,1
112145,909,1
112148,909,28
112150,909,7
112155,909,1
112163,909,1
112164,909,1
112165,909,1
112168,909,1
112171,909,1
112175,909,1
112176,909,1
112204,909,2
112205,909,2
112206,909,46
112218,909,2
112312,909,1
112315,909,1
112316,909,1
112335,909,1
112400,909,1
112428,909,1
112434,909,1
112439,909,2
112448,909,1
112476,909,1
112482,909,1
112483,909,2
112484,909,1
112509,909,1
112567,909,2
112666,909,5
112689,909,2
112707,909,1
112739,909,1
112743,909,1
112744,909,1
112772,909,1
112784,909,1
112793,909,1
112796,909,1
112801,909,1
112828,909,1
112835,909,1
112837,909,1
112841,909,1
112896,909,1
112897,909,1
112913,909,1
112940,909,3
112948,909,1
112954,909,1
112957,909,17
112965,909,1
112968,909,1
112973,909,1
112981,909,2
112988,909,2
112995,909,1
112997,909,1
113002,909,5
113008,909,2
113009,909,1
113010,909,2
113014,909,1
113024,909,1
113030,909,2
113031,909,22
113045,909,1
113123,909,1
113129,909,3
113146,909,2
113162,909,1
113182,909,1
113190,909,1
113191,909,1
113227,909,3
113269,909,2
113300,909,1
113339,909,1
113351,909,1
113363,909,1
113380,909,1
113390,909,1
113393,909,1
113446,909,1
113447,909,1
113449,909,16
113462,909,1
113507,909,1
113575,909,1
113622,909,2
113624,909,1
113625,909,1
113626,909,1
113628,909,2
113629,909,6
113630,909,1
113677,909,1
113685,909,1
113687,909,1
113689,909,1
113690,909,5
113695,909,6
113744,909,1
113759,909,1
113779,909,1
113786,909,1
113834,909,1
113835,909,2
113908,909,1
113933,909,1
113937,909,1
113994,909,5
114002,909,1
114020,909,1
114073,909,1
114078,909,2
114081,909,1
114118,909,1
114149,909,1
114159,909,1
114169,909,1
114175,909,1
114191,909,4
114225,909,2
114239,909,1
114316,909,1
114366,909,7
114373,909,1
114377,909,23
114379,909,2
114389,909,17
114396,909,2
114398,909,10
114400,909,1
114404,909,1
114406,909,1
114408,909,1
114413,909,1
114414,909,2
114424,909,1
114430,909,1
114437,909,1
114455,909,1
114456,909,1
114476,909,1
114493,909,8
114497,909,3
114498,909,1
114523,909,1
114526,909,3
114528,909,2
114538,909,1
114544,909,1
114584,909,5
114598,909,3
114618,909,2
114624,909,2
114640,909,1
114731,909,2
114846,909,1
114882,909,2
114894,909,1
114895,909,2
114908,909,2
114926,909,1
114937,909,1
114940,909,1
114968,909,1
115006,909,2
115029,909,1
115108,909,1
115116,909,2
115131,909,1
115195,909,1
115203,909,1
115205,909,1
115218,909,2
115244,909,1
115247,909,1
115287,909,1
115297,909,1
115306,909,11
115307,909,9
115309,909,252
115321,909,1
115328,909,1
115331,909,10
115338,909,1
115426,909,3
115428,909,2
115430,909,2
115438,909,2
115444,909,10
115449,909,1
115451,909,3
115458,909,4
115469,909,1
115472,909,2
115478,909,3
115491,909,1
115492,909,1
115493,909,7
115496,909,1
115497,909,7
115499,909,5
115500,909,1
115501,909,1
115504,909,1
115588,909,2
115611,909,1
115639,909,3
115643,909,4
115647,909,1
115658,909,2
115661,909,18
115674,909,2
115679,909,1
115688,909,3
115700,909,1
115713,909,1
115760,909,1
115773,909,1
115791,909,2
115792,909,1
115800,909,3
115803,909,1
115807,909,1
115808,909,1
115809,909,1
115820,909,1
115885,909,1
115901,909,1
115902,909,1
115930,909,6
115958,909,1
115960,909,1
115966,909,2
115992,909,2
116024,909,1
116029,909,1
116047,909,1
116065,909,1
116070,909,2
116082,909,2
116095,909,2
116097,909,1
116100,909,14
116101,909,1
116106,909,3
116116,909,12
116205,909,1
116206,909,3
116212,909,4
116225,909,2
116332,909,5
116334,909,1
116338,909,4
116343,909,1
116349,909,1
116351,909,5
116361,909,14
116366,909,1
116370,909,12
116371,909,3
116376,909,2
116378,909,3
116385,909,1
116386,909,6
116399,909,1
116403,909,5
116404,909,1
116416,909,1
116417,909,1
116424,909,1
116426,909,1
116433,909,1
116435,909,2
116436,909,1
116439,909,1
116440,909,4
116445,909,5
116446,909,3
116447,909,10
116448,909,20
116449,909,3
116451,909,1
116452,909,1
116456,909,1
116462,909,1
116472,909,3
116479,909,59
116480,909,31
116481,909,1
116482,909,1
116489,909,1
116494,909,9
116498,909,2
116499,909,1
116500,909,25
116502,909,2
116503,909,1
116504,909,5
116505,909,1
116510,909,1
116512,909,1
116516,909,119
116522,909,3
116524,909,21
116528,909,1
116537,909,10
116544,909,141
116551,909,72
116554,909,1
116562,909,2
116566,909,11
116567,909,1
116572,909,1
116573,909,1
116575,909,3
116581,909,3
116583,909,12
116584,909,10
116585,909,2
116593,909,2
116599,909,11
116606,909,3
116610,909,1
116611,909,3
116615,909,1
116627,909,1
116630,909,1
116631,909,1
116653,909,2
116657,909,1
116659,909,1
116668,909,4
116674,909,7
116677,909,15
116679,909,13
116698,909,1
116699,909,4
116700,909,1
116702,909,9
116705,909,1
116711,909,1
116720,909,2
116730,909,6
116731,909,2
116732,909,1
116734,909,12
116739,909,1
116740,909,66
116742,909,1
116747,909,10
116754,909,1
116755,909,3
116759,909,2
116760,909,1
116763,909,1
116769,909,3
116770,909,1
116773,909,4
116775,909,155
116779,909,2
116785,909,7
116786,909,2
116794,909,1
116795,909,7
116796,909,1
116801,909,1
116806,909,1
116808,909,2
116810,909,22
116811,909,2
116813,909,1
116814,909,4
116816,909,5
116817,909,1
116818,909,1
116819,909,4
116820,909,1
116821,909,2
116826,909,3
116827,909,12
116831,909,2
116832,909,1
116833,909,8
116834,909,1
116836,909,16
116837,909,1
116840,909,1
116854,909,2
116856,909,7
116858,909,3
116859,909,2
116864,909,74
116865,909,5
116866,909,1
116879,909,4
116883,909,1
116900,909,1
116903,909,1
116905,909,6
116906,909,2
116907,909,1
116915,909,184
116917,909,2
116921,909,2
116925,909,2
116926,909,24
116927,909,6
116932,909,4
116933,909,1
116934,909,4
116945,909,2
116946,909,25
116949,909,1
116950,909,4
116951,909,2
116953,909,6
116954,909,5
116960,909,1
116961,909,9
116963,909,3
116964,909,2
116966,909,3
116967,909,9
116970,909,8
116978,909,6
116982,909,1
116984,909,1
116985,909,11
116994,909,1
116995,909,8
116998,909,8
117005,909,1
117006,909,8
117008,909,11
117012,909,2
117014,909,32
117015,909,1
117017,909,3
117018,909,1
117019,909,74
117020,909,1
117022,909,10
117023,909,29
117024,909,6
117025,909,2
117026,909,5
117027,909,1
117028,909,2
117031,909,8
117033,909,1
117036,909,2
117037,909,1
117039,909,1
117043,909,2
117046,909,1
117047,909,3
117052,909,5
117057,909,2
117058,909,3
117062,909,4
117067,909,1
117069,909,1
117070,909,1
117072,909,276
117073,909,1
117075,909,1
117076,909,1
117078,909,1
117080,909,923
117081,909,47
117082,909,9
117084,909,2
117085,909,1
117086,909,3
117087,909,1
117088,909,5
117089,909,1
117090,909,2
117092,909,2
117100,909,1
117101,909,1
117104,909,7
117105,909,1
117106,909,2
117108,909,1
117114,909,7
117115,909,3
117117,909,1
117121,909,1
117122,909,1
117123,909,1
117125,909,1
117126,909,1
117130,909,1
117132,909,1
117133,909,4
117134,909,3
117139,909,4
117140,909,1
117141,909,3
117144,909,1
117147,909,11
117148,909,1
117160,909,2
117191,909,1
117192,909,1
117208,909,1
117216,909,7
117219,909,1
117220,909,1
117221,909,1
117226,909,10
117228,909,1
117230,909,1
117231,909,4
117234,909,1
117235,909,1
117236,909,10
117240,909,1
117243,909,8
117250,909,2
117251,909,1
117258,909,1
117259,909,1
117264,909,1
117265,909,55
117267,909,1
117270,909,1
117272,909,1
117278,909,2
117284,909,1
117285,909,3
117291,909,1
117294,909,1
117295,909,1
117296,909,1
117302,909,1
117304,909,21
117309,909,6
117310,909,3
117311,909,1
117314,909,1
117317,909,4
117319,909,11
117320,909,2
117330,909,4
117334,909,1
117336,909,2
117337,909,1
117339,909,2
117341,909,1
117343,909,2
117345,909,4
117347,909,1
117348,909,43
117349,909,10
117350,909,2
117351,909,13
117352,909,9
117353,909,3
117354,909,12
117355,909,19
117356,909,5
117357,909,121
117358,909,20
117359,909,6
117361,909,11
117363,909,1
117364,909,52
117365,909,4
117366,909,1
117371,909,1
117375,909,3
117376,909,13
117377,909,1
117378,909,5
117379,909,15
117380,909,9
117382,909,141
117383,909,23
117384,909,3
117385,909,41
117386,909,1
117387,909,3
117388,909,86
117389,909,7
117391,909,7
117392,909,8
117393,909,47
117395,909,2
117397,909,1
117398,909,16
117399,909,4
117400,909,1
117401,909,1
117402,909,4
117403,909,5
117404,909,1
117405,909,10
117406,909,2
117409,909,50
117410,909,24
117411,909,2
117412,909,24
117413,909,1
117415,909,1
117416,909,4
117417,909,7
117418,909,10
117419,909,1
117420,909,68
117421,909,3
117422,909,4
117424,909,2
117426,909,1
117427,909,12
117430,909,5
117431,909,4
117432,909,2
117433,909,31
117435,909,1
117436,909,28
117437,909,32
117438,909,2
117439,909,2
117440,909,2
117441,909,3
117442,909,2
117445,909,1
117446,909,11
117447,909,18
117448,909,6
117449,909,17
117450,909,14
117453,909,3
117465,909,3
117474,909,10
117479,909,2
117484,909,35
117485,909,3
117489,909,1
117491,909,3
117501,909,1
117502,909,21
117505,909,1
117508,909,1
117509,909,1
117515,909,3
117520,909,4
117521,909,1
117524,909,6
117530,909,2
117536,909,2
117544,909,1
117545,909,1
117547,909,1
117554,909,1
117556,909,2
117557,909,8
117560,909,3
117561,909,3
117564,909,2
117566,909,2
117567,909,1
117569,909,11
117570,909,13
117571,909,4
117573,909,1
117578,909,1
117581,909,1
117590,909,1
117593,909,2
117594,909,1
117601,909,1
117609,909,3
117616,909,1
117617,909,1
117618,909,73
117623,909,2
117624,909,2
117625,909,4
117631,909,1
117636,909,2
117639,909,1
117643,909,1
117648,909,2
117651,909,1
117652,909,2
117653,909,2
117656,909,1
117660,909,1
117667,909,2
117669,909,2
117676,909,2
117678,909,1
117679,909,1
117682,909,9
117687,909,43
117688,909,1
117689,909,1
117690,909,2
117691,909,2
117695,909,1
117698,909,2
117702,909,1
117709,909,1
117710,909,1
117713,909,1
117714,909,1
117721,909,106
117723,909,1
117730,909,3
117736,909,13
117740,909,3
117741,909,2
117742,909,1
117743,909,348
117744,909,1
117746,909,25
117747,909,6
117748,909,1
117752,909,3
117753,909,1
117754,909,7
117756,909,1
117757,909,3
117758,909,1
117759,909,269
117767,909,4
117769,909,1
117780,909,25
117786,909,151
117792,909,14
117793,909,1
117795,909,1
117810,909,20
117811,909,3
117816,909,14
117817,909,1
117819,909,8
117821,909,1
117826,909,2
117828,909,8
117829,909,38
117830,909,1
117832,909,1
117838,909,3
117840,909,1
117842,909,2
117844,909,6
117850,909,9
117858,909,1
117861,909,1
117865,909,50
117866,909,5
117868,909,5
117871,909,2
117873,909,1
117874,909,35
117875,909,2
117881,909,6
117883,909,2
117887,909,1
117888,909,1
117894,909,2
117898,909,1
117904,909,162
117907,909,13
117913,909,2
117914,909,21
117917,909,60
117919,909,74
117926,909,1
117935,909,8
117936,909,2
117937,909,12
117939,909,34
117942,909,12
117949,909,2
117956,909,1
117986,909,1
118031,909,1
118033,909,2
118039,909,1
118041,909,1
118044,909,1
118047,909,1
118049,909,1
118053,909,1
118054,909,27
118055,909,1
118057,909,2
118058,909,1
118063,909,1
118069,909,1
118076,909,3
118080,909,2
118086,909,2
118098,909,1
118100,909,3
118101,909,1
118104,909,1
118105,909,2
118107,909,1
118109,909,1
118112,909,1
118113,909,2
118115,909,2
118117,909,2
118125,909,1
118127,909,8
118131,909,1
118135,909,1
118137,909,1
118138,909,1
118141,909,1
118144,909,2
118151,909,1
118153,909,1
118156,909,1
118159,909,1
118160,909,1
118161,909,1
118165,909,1
118166,909,54
118167,909,2
118170,909,2
118171,909,1
118178,909,1
118184,909,2
118189,909,1
118193,909,4
118201,909,2
118208,909,2
118224,909,1
118226,909,3
118227,909,1
118228,909,1
118231,909,1
118232,909,2
118234,909,1
118235,909,1
118236,909,4
118239,909,1
118240,909,2
118241,909,3
118243,909,3
118244,909,1
118245,909,3
118252,909,1
118254,909,1
118256,909,16
118261,909,1
118266,909,1
118269,909,1
118293,909,8
118312,909,1
118340,909,1
118356,909,2
118387,909,1
118390,909,1
118401,909,1
118406,909,1
118411,909,18
118412,909,1
118414,909,1
118415,909,1
118427,909,1
118435,909,2
118441,909,1
118448,909,1
118462,909,2
118467,909,1
118468,909,1
118470,909,1
118472,909,1
118476,909,1
118477,909,1
118479,909,1
118481,909,1
118490,909,1
118492,909,5
118502,909,1
118522,909,2
118571,909,1
118598,909,1
118657,909,1
118678,909,10
118700,909,1
118704,909,1
118710,909,1
118724,909,1
118729,909,1
118737,909,1
118739,909,1
118741,909,1
118751,909,3
118765,909,1
118768,909,12
118769,909,1
118777,909,5
118778,909,1
118779,909,3
118780,909,1
118781,909,1
118782,909,4
118783,909,1
118786,909,5
118787,909,1
118788,909,368
118791,909,2
118792,909,5
118793,909,9
118794,909,2
118795,909,7
118799,909,1
118801,909,2
118804,909,1
118806,909,173
118810,909,3
118811,909,8
118812,909,3
118814,909,3
118815,909,11
118816,909,1
118817,909,2
118818,909,1
118821,909,1
118822,909,1
118824,909,2
118825,909,3
118828,909,19
118831,909,15
118834,909,2
118839,909,114
118845,909,1
118846,909,122
118849,909,1
118852,909,1
118855,909,15
118856,909,1
118858,909,16
118864,909,2
118865,909,17
118867,909,7
118868,909,6
118869,909,1
118873,909,44
118876,909,4
118877,909,4
118878,909,10
118879,909,1
118881,909,1
118882,909,4
118883,909,16
118884,909,6
118885,909,33
118886,909,24
118887,909,5
118889,909,1
118890,909,17
118892,909,1
118895,909,8
118896,909,2
118898,909,3
118900,909,1
118901,909,6
118902,909,20
118905,909,3
118906,909,7
118907,909,3
118908,909,2
118910,909,6
118911,909,10
118913,909,4
118918,909,1
118924,909,1
118933,909,1
119006,909,1
119008,909,3
119010,909,1
119041,909,1
119049,909,2
119051,909,7
119052,909,5
119053,909,4
119069,909,3
119088,909,5
119089,909,2
119090,909,7
119318,909,2
119324,909,60
119325,909,1
119331,909,13
119335,909,11
119340,909,1
119343,909,13
119345,909,27
119348,909,2
119349,909,425
119353,909,40
119355,909,52
119358,909,1
119361,909,1
119367,909,13
119368,909,5
119369,909,5
119370,909,15
119371,909,15
119372,909,1
119382,909,51
119383,909,31
119384,909,14
119388,909,65
119391,909,43
119396,909,1
119400,909,4
119403,909,7
119405,909,1
119409,909,7
119412,909,2
119506,909,1
119507,909,1
119513,909,1
119518,909,3
119519,909,2
119520,909,1
119522,909,4
119526,909,2
119527,909,21
119529,909,1
119531,909,1
119533,909,1
119535,909,1
119536,909,1
119542,909,1
119547,909,4
119557,909,31
119563,909,2
119570,909,1
119571,909,3
119581,909,2
119588,909,3
119590,909,6
119591,909,1
119592,909,1
119593,909,1
119594,909,5
119597,909,13
119598,909,3
119599,909,1
119603,909,6
119604,909,5
119605,909,2
119607,909,1
119608,909,1
119609,909,2
119610,909,3
119613,909,2
119616,909,1
119617,909,4
119624,909,4
119627,909,3
119629,909,4
119631,909,1
119636,909,1
119637,909,1
119641,909,3
119646,909,12
119650,909,15
119653,909,1
119654,909,2
119656,909,1
119665,909,5
119668,909,1
119673,909,32
119674,909,1
119676,909,5
119683,909,6
119688,909,20
119690,909,1
119697,909,13
119698,909,1
119701,909,3
119705,909,1
119708,909,5
119711,909,7
119712,909,8
119713,909,1
119721,909,3
119723,909,1
119725,909,1
119729,909,1
119731,909,15
119743,909,2
119750,909,1
119752,909,1
119761,909,2
119765,909,1
119767,909,16
119770,909,2
119773,909,2
119776,909,1
119784,909,11
119785,909,1
119796,909,28
119804,909,1
119824,909,1
119826,909,9
119828,909,47
119837,909,6
119842,909,2
119847,909,17
119848,909,47
119852,909,3
119853,909,1
119854,909,14
119864,909,1
119865,909,4
119866,909,50
119881,909,7
119883,909,2
119886,909,1
119887,909,1
119896,909,8
119901,909,34
119902,909,2
119911,909,1
119912,909,1
119919,909,1
119921,909,3
119922,909,11
119925,909,1
119926,909,24
119929,909,13
119931,909,40
119932,909,12
119934,909,2
119935,909,7
119936,909,6
119938,909,2
119939,909,1
119941,909,2
119943,909,1
119947,909,9
119949,909,1
119952,909,2
120030,909,1
120031,909,1
120037,909,6
120039,909,1
120042,909,1
120043,909,1
120050,909,1
120052,909,1
120055,909,4
120059,909,1
120070,909,1
120078,909,5
120084,909,6
120095,909,9
120096,909,1
120110,909,6
120112,909,2
120114,909,28
120115,909,1
120116,909,4
120118,909,1
120121,909,1
120132,909,47
120137,909,2
120160,909,1
120170,909,1
120186,909,5
120188,909,1
120216,909,1
120223,909,2
120225,909,1
120317,909,162
120323,909,6
120324,909,1
120325,909,1
120329,909,4
120334,909,1
120345,909,2
120348,909,12
120349,909,5
120351,909,1
120356,909,1
120357,909,1
120359,909,24
120360,909,2
120362,909,1
120366,909,3
120368,909,16
120369,909,1
120372,909,7
120373,909,107
120374,909,4
120375,909,45
120377,909,1
120379,909,1
120381,909,3
120383,909,1
120384,909,1
120386,909,7
120387,909,2
120388,909,1
120393,909,22
120396,909,1
120398,909,1
120400,909,3
120401,909,1
120410,909,69
120418,909,19
120419,909,1
120422,909,1
120423,909,18
120424,909,2
120425,909,12
120426,909,1
120432,909,3
120442,909,1
120446,909,1
120449,909,17
120453,909,1
120455,909,1
120456,909,11
120458,909,15
120459,909,1
120460,909,1
120465,909,1
120466,909,37
120468,909,19
120469,909,2
120470,909,7
120471,909,3
120475,909,2
120478,909,84
120481,909,1
120483,909,1
120484,909,2
120485,909,2
120488,909,1
120490,909,1
120491,909,1
120493,909,1
120496,909,8
120500,909,44
120502,909,1
120508,909,1
120513,909,7
120518,909,130
120522,909,13
120523,909,3
120524,909,1
120528,909,3
120529,909,1
120530,909,4
120531,909,1
120532,909,1
120534,909,11
120538,909,2
120548,909,8
120549,909,63
120554,909,5
120560,909,4
120571,909,10
120572,909,1
120575,909,9
120576,909,1
120578,909,3
120585,909,1
120586,909,1
120595,909,1
120597,909,1
120602,909,4
120615,909,1
120620,909,1
120635,909,5
120652,909,2
120653,909,1
120655,909,1
120658,909,1
120699,909,15
120717,909,2
120726,909,1
120736,909,1
120750,909,12
120754,909,1
120765,909,2
120786,909,1
120791,909,1
120821,909,7
120825,909,2
120829,909,11
120830,909,2
120831,909,28
120838,909,2
120848,909,9
120852,909,1
120853,909,4
120854,909,1
120856,909,1
120857,909,4
120858,909,1
120863,909,6
120865,909,2
120866,909,1
120869,909,8
120877,909,382
120884,909,88
120892,909,6
120893,909,1
120894,909,6
120901,909,7
120903,909,1
120904,909,2
120909,909,1
120913,909,1
120914,909,13
120917,909,9
120918,909,12
120919,909,1
120920,909,2
120921,909,9
120923,909,1
120925,909,7
120928,909,1
120930,909,1
120932,909,1
120936,909,11
120938,909,9
120939,909,3
120941,909,2
120942,909,3
120943,909,4
120979,909,1
120986,909,6
120988,909,2
120989,909,11
120991,909,20
120992,909,22
120999,909,2
121006,909,13
121012,909,1
121019,909,1
121026,909,3
121028,909,1
121029,909,8
121031,909,13
121032,909,15
121040,909,1
121045,909,7
121105,909,1
121109,909,2
121120,909,1
121134,909,14
121135,909,12
121137,909,334
121150,909,2
121157,909,2
121158,909,1
121160,909,13
121167,909,1
121227,909,1
121247,909,1
121248,909,1
121251,909,40
121252,909,24
121261,909,1
121265,909,1
121271,909,25
121272,909,9
121275,909,5
121276,909,4
121281,909,7
121282,909,1
121283,909,4
121285,909,1
121286,909,2
121292,909,8
121294,909,1
121305,909,7
121306,909,4
121310,909,25
121311,909,1
121313,909,15
121317,909,116
121324,909,3
121328,909,1
121331,909,2
121337,909,1
121339,909,2
121341,909,1
121347,909,1
121349,909,1
121351,909,6
121356,909,3
121358,909,7
121366,909,3
121369,909,7
121370,909,2
121372,909,1
121376,909,12
121379,909,1
121390,909,1
121401,909,2
121407,909,2
121412,909,2
121414,909,3
121422,909,3
121447,909,1
121471,909,1
121479,909,1
121482,909,1
121494,909,2
121501,909,1
121507,909,1
121522,909,1
121536,909,2
121540,909,2
121542,909,1
121733,909,1
121739,909,4
121744,909,9
121746,909,1
121747,909,1
121749,909,3
121750,909,4
121752,909,1
121753,909,5
121757,909,5
121760,909,3
121768,909,3
121769,909,14
121770,909,1
121772,909,17
121778,909,1
121779,909,5
121784,909,1
121787,909,1
121789,909,1
121792,909,2
121793,909,1
121796,909,1
121797,909,2
121799,909,2
121808,909,38
121812,909,10
121815,909,19
121817,909,1
121818,909,3
121822,909,1
121823,909,1
121824,909,22
121827,909,4
121828,909,3
121833,909,5
121836,909,4
121837,909,1
121840,909,1
121844,909,1
121846,909,1
121848,909,1
121859,909,1
121876,909,1
121887,909,1
121894,909,1
121895,909,1
121898,909,28
121902,909,86
121987,909,2
121990,909,1
121997,909,1
122000,909,4
122005,909,2
122014,909,15
122021,909,3
122028,909,8
122033,909,6
122037,909,1
122038,909,64
122048,909,1
122050,909,27
122054,909,2
122061,909,1
122063,909,785
122070,909,13
122072,909,1
122079,909,3
122091,909,1
122099,909,1
122100,909,2
122112,909,1
122114,909,1
122129,909,1
122131,909,1
122150,909,21
122153,909,1
122159,909,1
122161,909,1
122162,909,4
122183,909,1
122190,909,1
122198,909,2
122200,909,2
122201,909,2
122207,909,10
122215,909,1
122217,909,1
122228,909,1
122244,909,5
122248,909,7
122252,909,1
122263,909,3
122266,909,29
122279,909,3
122284,909,1
122293,909,5
122295,909,1
122305,909,1
122307,909,1
122318,909,1
122330,909,2
122336,909,1
122342,909,3
122352,909,1
122387,909,1
122394,909,1
122395,909,3
122396,909,1
122431,909,1
122457,909,2
122467,909,1
122471,909,7
122523,909,4
122527,909,1
122599,909,1
122607,909,202
122609,909,28
122621,909,2
122628,909,3
122635,909,2
122641,909,5
122647,909,1
122651,909,1
122660,909,9
122662,909,1
122680,909,4
122686,909,1
122692,909,3
122707,909,3
122713,909,64
122719,909,1
122724,909,1
122730,909,13
122741,909,6
122753,909,1
122762,909,1
122777,909,1
122810,909,1
122813,909,1
122818,909,8
122822,909,2
122844,909,1
122851,909,2
122854,909,1
122859,909,3
122864,909,2
122867,909,1
122868,909,1
122869,909,1
122872,909,3
122877,909,11
122881,909,6
122892,909,2
122898,909,2
122913,909,1
122916,909,1
122924,909,1
122933,909,1
122934,909,3
122938,909,1
122940,909,1
122952,909,2
122966,909,1
122971,909,1
122972,909,1
122973,909,5
122981,909,1
122997,909,1
123000,909,1
123007,909,27
123008,909,1
123009,909,2
123014,909,1
123021,909,1
123033,909,2
123042,909,1
123049,909,9
123053,909,1
123058,909,40
123064,909,1
123068,909,1
123072,909,1
123076,909,2
123081,909,1
123084,909,4
123091,909,1
123092,909,1
123099,909,5
123100,909,1
123102,909,50
123107,909,22
123109,909,1
123112,909,1
123116,909,1
123117,909,1
123119,909,1
123142,909,1
123147,909,1
123148,909,6
123149,909,2
123156,909,33
123157,909,1
123158,909,3
123159,909,1
123160,909,1
123162,909,21
123166,909,2
123167,909,3
123168,909,390
123172,909,31
123173,909,4
123174,909,1
123181,909,1
123185,909,15
123186,909,3
123187,909,1
123188,909,2
123189,909,6
123190,909,2
123192,909,21
123193,909,7
123199,909,3
123200,909,8
123202,909,4
123203,909,2
123206,909,13
123209,909,41
123212,909,1
123217,909,35
123218,909,2
123221,909,2
123222,909,3
123224,909,147
123231,909,1
123234,909,10
123236,909,11
123240,909,5
123242,909,2
123243,909,12
123245,909,25
123246,909,3
123247,909,1
123249,909,1
123251,909,17
123252,909,7
123254,909,10
123255,909,3
123256,909,1
123260,909,23
123261,909,1
123262,909,1
123263,909,120
123264,909,20
123268,909,12
123271,909,1
123273,909,9
123274,909,2
123276,909,8
123279,909,5
123280,909,3
123282,909,3
123283,909,5
123284,909,4
123285,909,1
123287,909,1
123288,909,7
123290,909,3
123325,909,1
123349,909,1
123370,909,1
123371,909,2
123372,909,25
123373,909,15
123374,909,3
123375,909,1
123376,909,108
123377,909,255
123378,909,1234
123379,909,226
123380,909,39
123381,909,574
123382,909,11
123383,909,2
123384,909,984
123385,909,1
123386,909,2
123387,909,117
123388,909,23
123389,909,4
123390,909,2
123391,909,7
123392,909,2
123393,909,14
123394,909,3
123395,909,5
123396,909,3
123397,909,28
123398,909,5
123399,909,7
123400,909,24
123401,909,15
123402,909,8
123403,909,38
123404,909,12
123405,909,1
123406,909,397
123407,909,2
123408,909,13
123409,909,75
123410,909,10
123411,909,220
123412,909,1
123413,909,3
123414,909,1
123415,909,2
123416,909,15
123417,909,1
123418,909,45
123419,909,39
123420,909,39
123421,909,1
123422,909,1
123423,909,7
123424,909,15
123425,909,1
123426,909,65
123427,909,27
123428,909,1234
123429,909,50
123430,909,30
123431,909,5
123432,909,3
123433,909,8
123434,909,7
123435,909,24
123436,909,4291
123437,909,1
123438,909,6
123439,909,44
123440,909,735
123441,909,8
123442,909,5
123443,909,7
123444,909,5
123445,909,7
123446,909,3
123447,909,30
123448,909,91
123449,909,23
123450,909,2
123456,909,3
123457,909,1
123463,909,6
123465,909,2
123468,909,1
123469,909,1
123472,909,1
123473,909,1
123474,909,1
123477,909,1
123478,909,2
123481,909,6
123486,909,2
123489,909,1
123498,909,2
123505,909,6
123511,909,10
123512,909,1
123526,909,8
123527,909,1
123533,909,1
123535,909,1
123542,909,9
123544,909,3
123545,909,1
123547,909,73
123548,909,5
123551,909,1
123554,909,13
123566,909,63
123632,909,1
123633,909,1
123634,909,5
123635,909,162
123636,909,2
123637,909,1
123638,909,4
123639,909,3
123640,909,509
123641,909,58
123642,909,11
123643,909,2
123644,909,1
123645,909,3
123646,909,1
123647,909,7
123648,909,2
123649,909,2
123650,909,1
123651,909,10
123652,909,1
123653,909,5
123654,909,3
123655,909,1
123656,909,8
123657,909,34
123658,909,1
123659,909,1
123660,909,3
123661,909,16
123662,909,2
123663,909,6
123664,909,1
123665,909,2
123666,909,102
123667,909,8
123668,909,8
123669,909,3
123670,909,4
123671,909,12
123672,909,14
123673,909,3
123674,909,1
123675,909,1
123676,909,1
123677,909,2
123678,909,1
123679,909,1
123680,909,35
123682,909,9
123683,909,6
123684,909,2
123685,909,1
123686,909,1
123687,909,3
123689,909,6
123690,909,8
123691,909,5
123692,909,1
123696,909,2
123702,909,2
123705,909,7
123706,909,3
123707,909,3
123720,909,1
123722,909,1
123733,909,51
123736,909,1
123737,909,1
123745,909,5
123747,909,1
123750,909,1
123755,909,1
123756,909,3
123760,909,2
123761,909,1
123772,909,4
123777,909,5
123782,909,1
123787,909,1
123789,909,7
123794,909,46
123802,909,6
123807,909,3
123809,909,7
123826,909,4
123827,909,11
123832,909,2
123835,909,29
123838,909,2
123842,909,1
123843,909,9
123844,909,1
123845,909,1
123846,909,1
123847,909,2
123848,909,54
123849,909,3
123855,909,20
123867,909,37
123928,909,2
123936,909,1
123937,909,12
123943,909,4
123951,909,3
123952,909,3
123954,909,1
123955,909,1
123961,909,6
123962,909,5
123964,909,1
123967,909,2
123968,909,2
123969,909,4
123975,909,12
123976,909,12
123990,909,23
123994,909,1
123996,909,1
123997,909,1
123998,909,1
123999,909,5
124001,909,27
124010,909,46
124014,909,1
124016,909,1
124017,909,30
124022,909,1
124038,909,5
124040,909,3
124065,909,2
124074,909,3
124082,909,15
124083,909,14
124087,909,1
124088,909,2
124101,909,7
124102,909,23
124111,909,31
124118,909,3
124129,909,19
124130,909,1
124131,909,2
124145,909,1
124158,909,26
124160,909,2
124167,909,1
124174,909,108
124176,909,6
124177,909,4
124183,909,1
124184,909,1
124186,909,1
124187,909,1
124195,909,1
124199,909,3
124202,909,11
124211,909,2
124215,909,1
124216,909,19
124218,909,1
124309,909,1
124313,909,2
124321,909,1
124333,909,1
124336,909,2
124356,909,7
124370,909,1
124371,909,1
124372,909,1
124387,909,1
124425,909,2
124433,909,1
124438,909,1
124439,909,1
124450,909,1
124457,909,1
124470,909,1
124475,909,4
124481,909,6
124497,909,2
124510,909,23
124512,909,3
124514,909,8
124515,909,1
124516,909,1
124534,909,16
124610,909,5
124616,909,1
124622,909,2
124628,909,1
124631,909,32
124637,909,1
124640,909,1
124647,909,1
124651,909,1
124654,909,1
124656,909,1
124666,909,1
124667,909,3
124674,909,4
124683,909,1
124687,909,2
124688,909,1
124694,909,9
124698,909,1
124700,909,3
124701,909,1
124702,909,5
124704,909,1
124706,909,3
124711,909,1
124718,909,3
124725,909,3
124727,909,41
124810,909,22
124811,909,11
124824,909,3
124827,909,1
124829,909,9
124831,909,1
124832,909,1
124833,909,2
124844,909,43
124850,909,1
124852,909,8
124863,909,4
124869,909,51
124875,909,26
124886,909,1
124890,909,4
124899,909,1
124905,909,1
124907,909,4
124908,909,4
124909,909,1
124916,909,1
124921,909,4
124927,909,1
124937,909,15
124950,909,7
124954,909,1
124965,909,19
124970,909,2
124980,909,2
124983,909,11
124985,909,15
124993,909,1
124998,909,1
125002,909,1
125004,909,1
125005,909,2
125015,909,3
125018,909,1
125022,909,1
125028,909,1
125030,909,2
125031,909,4
125032,909,3
125043,909,1
125045,909,2
125077,909,7
125081,909,2
125113,909,10
125121,909,1
125139,909,1
125158,909,1
125174,909,1
125192,909,1
125197,909,2
125202,909,4
125205,909,1
125206,909,2
125236,909,4
125237,909,15
125238,909,1
125243,909,1
125245,909,4
125250,909,1
125263,909,1
125269,909,2
125285,909,1
125323,909,1
125324,909,1
125356,909,1
125364,909,18
125370,909,1
125391,909,1
125396,909,1
125416,909,2
125421,909,10
125425,909,1
125449,909,3
125461,909,9
125464,909,1
125474,909,7
125484,909,1
125486,909,4
125493,909,1
125504,909,1
125526,909,1
125531,909,5
125533,909,1
125534,909,6
125535,909,1
125538,909,462
125539,909,44
125541,909,50
125542,909,3
125544,909,18
125546,909,8
125547,909,326
125548,909,23
125550,909,1
125551,909,1
125552,909,1
125554,909,52
125555,909,1
125557,909,15
125558,909,1
125559,909,1
125561,909,6
125565,909,2
125569,909,1
125570,909,1
125611,909,1
125659,909,1
125662,909,1
125665,909,1
125671,909,1
125673,909,1
125676,909,1
125679,909,1
125680,909,1
125681,909,1
125685,909,1
125686,909,30
125687,909,5
125690,909,1
125691,909,2
125698,909,1
125704,909,2
125709,909,1
125713,909,4
125720,909,1
125727,909,1
125742,909,1
125745,909,1
125746,909,1
125747,909,1
125751,909,1
125752,909,1
125754,909,1
125756,909,7
125759,909,2
125760,909,3
125761,909,5
125763,909,2
125764,909,1
125765,909,1
125772,909,1
125774,909,1
125776,909,9
125780,909,1
125785,909,1
125788,909,1
125813,909,3
125882,909,1
125956,909,4
125972,909,2
125995,909,1
126001,909,1
126140,909,1
126141,909,1
126142,909,1
126154,909,1
126172,909,1
126173,909,12
126176,909,5
126177,909,18
126193,909,1
126259,909,4
126263,909,1
126264,909,1
126267,909,1
126268,909,2
126270,909,30
126272,909,3
126273,909,4
126278,909,1
126281,909,1
126282,909,1
126286,909,4
126287,909,2
126288,909,1
126289,909,5
126291,909,3
126296,909,1
126361,909,1
126394,909,4
126408,909,1
126431,909,1
126478,909,1
126480,909,1
126481,909,3
126482,909,1
126484,909,7
126485,909,1
126486,909,1
126488,909,1
126489,909,34
126491,909,1
126493,909,40
126495,909,3
126496,909,6
126497,909,1
126498,909,2
126500,909,1
126502,909,1
126506,909,15
126508,909,4
126511,909,88
126512,909,2
126513,909,12
126518,909,17
126523,909,55
126525,909,2
126528,909,1
126529,909,37
126530,909,2
126531,909,1
126532,909,7
126534,909,2
126535,909,1
126536,909,15
126537,909,1
126538,909,19
126539,909,21
126540,909,2
126545,909,7
126547,909,4
126548,909,2
126550,909,1
126551,909,2
126552,909,43
126578,909,1
126589,909,1
126595,909,2
126676,909,2
126696,909,1
126719,909,4
126721,909,1
126739,909,1
126745,909,1
126840,909,4
126876,909,2
126878,909,1
126906,909,1
126945,909,1
126956,909,2
126971,909,2
126981,909,5
126997,909,2
127045,909,1
127094,909,2
127123,909,1
127153,909,1
127155,909,2
127168,909,1
127190,909,21
127193,909,5
127216,909,1
127219,909,1
127222,909,1
127232,909,1
127233,909,1
127276,909,1
127277,909,1
127279,909,29
127293,909,1
127350,909,1
127365,909,1
127409,909,5
127410,909,1
127411,909,16
127413,909,2
127414,909,78
127415,909,13
127416,909,1
127420,909,2
127421,909,20
127422,909,1
127423,909,21
127424,909,26
127425,909,1
127427,909,16
127430,909,4
127431,909,6
127432,909,22
127433,909,3
127435,909,8
127436,909,46
127438,909,111
127439,909,302
127442,909,49
127443,909,19
127444,909,4
127449,909,42
127451,909,10
127453,909,17
127454,909,60
127455,909,15
127456,909,2
127457,909,4
127460,909,6
127461,909,1
127463,909,2
127464,909,1
127465,909,1
127469,909,1
127472,909,27
127473,909,5
127475,909,1
127476,909,5
127477,909,6
127478,909,7
127479,909,32
127480,909,12
127481,909,1
127482,909,8
127484,909,4
127485,909,4
127494,909,7
127497,909,2
127498,909,3
127501,909,194
127502,909,1
127503,909,3
127505,909,5
127507,909,41
127508,909,66
127511,909,6
127512,909,5
127513,909,3
127514,909,1
127517,909,12
127518,909,63
127519,909,2
127520,909,35
127521,909,4
127522,909,2
127524,909,1
127525,909,1
127526,909,127
127528,909,1
127529,909,1
127530,909,9
127532,909,10
127534,909,10
127535,909,4
127538,909,5
127541,909,2
127543,909,12
127546,909,5
127547,909,6
127548,909,4
127558,909,4
127559,909,2
127561,909,1
127562,909,1
127566,909,1
127568,909,1
127573,909,1
127579,909,1
127580,909,1
127581,909,4
127583,909,3
127586,909,19
127606,909,1
127609,909,1
127613,909,1
127616,909,1
127621,909,2
127638,909,1
127643,909,1
127760,909,1
127763,909,3
127767,909,8
127769,909,1
127770,909,1
127772,909,2
127773,909,3
127775,909,1
127776,909,4
127778,909,4
127781,909,2
127784,909,2
127785,909,11
127786,909,1
127787,909,13
127791,909,1
127792,909,4
127794,909,1
127795,909,1
127796,909,1
127797,909,1
127798,909,1
127800,909,1
127801,909,1
127803,909,2
127807,909,30
127810,909,8
127813,909,15
127815,909,3
127818,909,1
127820,909,17
127823,909,4
127824,909,2
127827,909,4
127829,909,3
127830,909,1
127831,909,1
127834,909,1
127837,909,1
127857,909,1
127866,909,1
127867,909,1
127912,909,2
127915,909,1
127919,909,20
127961,909,4
127971,909,1
128002,909,1
128011,909,1
128038,909,1
128076,909,3
128077,909,1
128078,909,2
128080,909,1
128081,909,3
128084,909,3
128087,909,1
128088,909,1
128090,909,4
128091,909,1
128092,909,2
128094,909,2
128097,909,1
128100,909,1
128102,909,1
128103,909,1
128105,909,2
128109,909,6
128110,909,2
128111,909,1
128113,909,3
128115,909,1543
128116,909,215
128118,909,1
128119,909,1
128120,909,1
128124,909,1
128125,909,4
128127,909,16
128128,909,1
128129,909,1
128131,909,1
128133,909,22
128134,909,2
128138,909,15
128139,909,3
128142,909,1
128157,909,2
128166,909,1
128171,909,1
128176,909,1
128180,909,17
128190,909,3
128195,909,1
128326,909,1
128332,909,3
128365,909,4
128369,909,2
128403,909,1
128411,909,8
128412,909,1
128435,909,1
128437,909,1
128443,909,3
128453,909,1
128466,909,3
128520,909,1
128527,909,2
128529,909,1
128542,909,1
128545,909,2
128550,909,1
128561,909,1
128567,909,2
128573,909,3
128586,909,3
128599,909,3
128601,909,1
128604,909,25
128605,909,2
128610,909,4
128621,909,21
128624,909,3
128658,909,3
128673,909,1
128678,909,2
128682,909,1
128687,909,3
128691,909,1
128699,909,2
128764,909,1
128768,909,1
128784,909,4
128785,909,2
128805,909,1
128811,909,2
128818,909,11
128819,909,10
128822,909,4
128834,909,10
128835,909,33
128836,909,1
128841,909,45
128928,909,1
128940,909,1
128947,909,1
128963,909,1
128983,909,1
128988,909,2
128999,909,1
129008,909,9
129010,909,1
129012,909,3
129014,909,1
129030,909,7
129062,909,1
129070,909,1
129079,909,9
129099,909,1
129105,909,1
129112,909,1
129117,909,3
129122,909,1
129124,909,1
129128,909,1
129137,909,1
129142,909,1
129143,909,12
129145,909,1
129172,909,1
129180,909,3
129187,909,3
129188,909,1
129191,909,1
129192,909,1
129195,909,1
129208,909,1
129231,909,1
129235,909,1
129236,909,1
129237,909,2
129238,909,5
129239,909,1
129256,909,1
129262,909,80
129263,909,41
129264,909,1
129265,909,1
129272,909,2
129277,909,12
129281,909,3
129282,909,1
129283,909,34
129285,909,2
129286,909,2
129287,909,7
129288,909,1
129293,909,1
129295,909,2
129297,909,1
129299,909,162
129300,909,1
129305,909,5
129307,909,28
129308,909,1
129309,909,1
129311,909,1
129320,909,14
129327,909,192
129334,909,98
129337,909,2
129345,909,2
129349,909,14
129350,909,1
129355,909,2
129356,909,1
129358,909,4
129364,909,3
129366,909,17
129367,909,14
129368,909,2
129376,909,2
129378,909,1
129382,909,14
129389,909,4
129391,909,1
129400,909,1
129401,909,4
129408,909,2
129410,909,241
129416,909,1
129419,909,5
129421,909,3
129424,909,3
129425,909,1
129428,909,4
129429,909,2
129430,909,107
129431,909,1
129433,909,4
129435,909,20
129436,909,3
129441,909,1
129443,909,3
129445,909,1
129446,909,1
129447,909,1
129448,909,321
129457,909,35
129459,909,1
129470,909,28
129474,909,1
129478,909,188
129485,909,249
129486,909,1
129488,909,2
129500,909,1
129505,909,9
129506,909,3
129511,909,5
129512,909,1
129514,909,12
129520,909,1
129521,909,23
129522,909,1
129523,909,23
129524,909,26
129525,909,6
129527,909,1
129530,909,1
129533,909,6
129535,909,1
129537,909,1
129539,909,44
129546,909,13
129549,909,3
129556,909,2
129560,909,1
129562,909,2
129571,909,4
129576,909,7
129579,909,16
129581,909,14
129598,909,1
129599,909,4
129600,909,1
129602,909,9
129605,909,1
129611,909,1
129624,909,1
129628,909,1
129634,909,7
129638,909,1
129653,909,18
129657,909,1
129662,909,1
129672,909,2
129678,909,1
129687,909,1
129692,909,1
129694,909,2
129704,909,2
129708,909,1
129710,909,3
129712,909,1
129713,909,1
129714,909,1
129721,909,1
129728,909,1
129732,909,1
129738,909,16
129743,909,4
129756,909,1
129767,909,2
129769,909,8
129771,909,3
129772,909,2
129777,909,87
129778,909,6
129779,909,1
129784,909,1
129792,909,5
129796,909,1
129797,909,1
129813,909,1
129818,909,3
129819,909,1
129827,909,80
129829,909,1
129832,909,1
129836,909,1
129837,909,11
129838,909,3
129843,909,2
129845,909,2
129854,909,1
129855,909,11
129857,909,1
129858,909,2
129859,909,1
129861,909,3
129862,909,2
129868,909,4
129870,909,1
129871,909,1
129873,909,2
129874,909,4
129877,909,4
129883,909,3
129890,909,5
129897,909,3
129899,909,3
129906,909,4
129908,909,5
129912,909,1
129913,909,14
129914,909,1
129916,909,1
129918,909,32
129921,909,4
129922,909,12
129923,909,3
129924,909,1
129925,909,2
129926,909,1
129927,909,1
129930,909,4
129934,909,1
129935,909,1
129940,909,1
129943,909,2
129947,909,2
129952,909,9
129956,909,1
129958,909,1
129959,909,2
129961,909,563
129962,909,1
129964,909,3
129965,909,2
129967,909,2
129968,909,1
129969,909,1879
129970,909,96
129971,909,19
129973,909,4
129974,909,1
129975,909,5
129976,909,2
129977,909,11
129978,909,3
129979,909,4
129980,909,1
129981,909,3
129987,909,3
129988,909,2
129990,909,13
129991,909,1
129992,909,4
129994,909,3
130000,909,14
130001,909,7
130003,909,3
130005,909,1
130007,909,1
130008,909,1
130009,909,1
130011,909,2
130012,909,1
130016,909,3
130017,909,1
130018,909,9
130019,909,5
130021,909,1
130023,909,9
130024,909,2
130025,909,280
130030,909,1
130033,909,1
130035,909,7
130036,909,67
130038,909,2
130039,909,1
130041,909,2
130043,909,899
130045,909,61
130046,909,13
130047,909,2
130049,909,1
130051,909,7
130052,909,2
130053,909,14
130054,909,3
130055,909,5
130056,909,1
130057,909,2
130060,909,1
130063,909,1
130067,909,2
130068,909,14
130069,909,151
130071,909,1
130072,909,1
130075,909,9
130076,909,1
130077,909,1
130078,909,14
130080,909,1
130081,909,1
130083,909,1
130085,909,1
130086,909,7
130087,909,5
130089,909,36
130093,909,1
130094,909,1
130095,909,4
130097,909,3
130099,909,1
130100,909,3
130101,909,1
130103,909,1
130105,909,1
130107,909,8
130108,909,4
130114,909,2
130115,909,1
130116,909,10
130117,909,1
130122,909,6
130124,909,9
130125,909,10
130126,909,7
130134,909,7
130142,909,46
130145,909,33
130146,909,26
130152,909,1
130153,909,1
130154,909,2
130155,909,1
130156,909,1
130157,909,2
130163,909,10
130165,909,1
130167,909,12
130170,909,13
130173,909,23
130174,909,38
130178,909,1
130185,909,1
130189,909,1
130191,909,4
130195,909,20
130198,909,4
130200,909,3
130201,909,2
130202,909,1
130207,909,28
130209,909,2
130210,909,1
130211,909,4
130213,909,13
130216,909,2
130217,909,2
130218,909,29
130222,909,4
130225,909,24
130232,909,6
130233,909,2
130237,909,1
130238,909,1
130240,909,4
130241,909,3
130246,909,2
130247,909,155
130249,909,2
130250,909,1
130252,909,1
130253,909,2
130255,909,2
130262,909,5
130267,909,1
130268,909,2
130269,909,8
130275,909,3
130278,909,3
130279,909,2
130280,909,3
130284,909,1
130287,909,2
130289,909,61
130293,909,1
130295,909,16
130296,909,9
130298,909,2
130299,909,1
130301,909,2
130303,909,1
130304,909,11
130306,909,31
130307,909,5
130308,909,1
130311,909,1
130314,909,1
130317,909,13
130321,909,2
130323,909,5
130324,909,2
130326,909,5
130329,909,2
130331,909,5
130348,909,81
130381,909,1
130382,909,2
130390,909,2
130397,909,6
130400,909,1
130403,909,21
130404,909,2
130408,909,1
130410,909,2
130419,909,1
130420,909,12
130426,909,1
130431,909,2
130434,909,2
130435,909,1
130436,909,3
130438,909,1
130443,909,1
130448,909,1
130449,909,1
130450,909,1
130456,909,1
130458,909,1
130459,909,5
130460,909,2
130461,909,2
130464,909,1
130466,909,1
130467,909,1
130468,909,6
130469,909,8
130470,909,2
130477,909,1
130480,909,1
130490,909,1
130494,909,1
130498,909,2
130499,909,1
130500,909,1
130506,909,11
130508,909,2
130510,909,1
130511,909,2
130512,909,1
130513,909,3
130514,909,5
130515,909,269
130519,909,1
130520,909,7
130521,909,6
130522,909,16
130524,909,1
130526,909,1
130528,909,4
130529,909,1
130530,909,1
130532,909,1
130533,909,7
130535,909,1
130536,909,3
130537,909,1
130539,909,2
130540,909,4
130544,909,1
130545,909,8
130546,909,1
130547,909,1
130548,909,2
130549,909,7
130550,909,8
130553,909,4
130556,909,2
130557,909,2
130561,909,1
130564,909,6
130566,909,6
130572,909,6
130574,909,3
130575,909,5
130577,909,1
130578,909,32
130581,909,2
130583,909,156
130584,909,2
130585,909,5
130586,909,6
130587,909,8
130589,909,1
130590,909,2
130591,909,3
130594,909,6
130596,909,1
130598,909,4
130599,909,1
130600,909,1
130602,909,2
130603,909,2
130605,909,2
130606,909,3
130608,909,1
130609,909,2
130610,909,4
130612,909,1
130614,909,1
130616,909,173
130618,909,2
130619,909,1
130624,909,5
130625,909,1
130628,909,21
130631,909,4
130632,909,3
130633,909,2
130634,909,569
130635,909,2
130637,909,41
130638,909,9
130639,909,1
130641,909,1
130643,909,5
130644,909,2
130645,909,11
130646,909,2
130647,909,4
130648,909,2
130649,909,441
130652,909,1
130654,909,6
130656,909,2
130660,909,1
130666,909,40
130671,909,247
130674,909,23
130675,909,2
130677,909,2
130683,909,1
130686,909,33
130687,909,5
130690,909,23
130691,909,2
130693,909,13
130695,909,1
130699,909,4
130700,909,1
130701,909,13
130702,909,62
130703,909,2
130705,909,2
130709,909,6
130710,909,1
130711,909,3
130713,909,11
130717,909,15
130718,909,1
130723,909,1
130728,909,1
130729,909,1
130746,909,1
130747,909,1
130751,909,1
130760,909,1
130762,909,1
130765,909,78
130766,909,7
130767,909,9
130768,909,1
130769,909,3
130770,909,1
130771,909,55
130772,909,4
130777,909,9
130779,909,2
130783,909,1
130788,909,1
130797,909,66
130799,909,5
130801,909,1
130802,909,8
130804,909,24
130805,909,30
130820,909,3
130821,909,1
130822,909,5
130823,909,14
130825,909,5
130832,909,1
130868,909,7
130884,909,1
130892,909,1
130903,909,1
130908,909,1
130915,909,1
130917,909,1
130927,909,2
130949,909,2
130980,909,1
131008,909,1
131080,909,2
131083,909,34
131084,909,3
131085,909,1
131089,909,1
131091,909,1
131092,909,14
131093,909,3
131094,909,7
131095,909,2
131096,909,4
131097,909,12
131098,909,2
131101,909,14
131102,909,3
131103,909,1034
131104,909,1
131105,909,1
131106,909,6
131107,909,14
131108,909,25
131109,909,6
131110,909,19
131112,909,1
131114,909,2
131115,909,1
131116,909,5
131118,909,1
131119,909,2
131120,909,1
131121,909,487
131122,909,1
131123,909,1
131125,909,8
131126,909,23
131127,909,9
131129,909,9
131130,909,30
131131,909,2
131132,909,6
131133,909,2
131134,909,1
131136,909,4
131137,909,4
131139,909,5
131140,909,9
131142,909,1
131143,909,53
131146,909,43
131149,909,6
131150,909,1
131154,909,321
131155,909,1
131157,909,1
131158,909,1
131159,909,1
131160,909,2
131161,909,343
131162,909,1
131164,909,4
131165,909,1
131167,909,3
131170,909,43
131171,909,2
131173,909,44
131174,909,1
131176,909,1
131179,909,6
131180,909,49
131181,909,1
131182,909,18
131183,909,18
131184,909,4
131188,909,125
131190,909,1
131191,909,11
131192,909,10
131193,909,29
131194,909,2
131196,909,3
131197,909,11
131198,909,46
131199,909,16
131200,909,93
131201,909,67
131202,909,13
131203,909,1
131204,909,1
131205,909,48
131207,909,3
131209,909,1
131210,909,22
131211,909,7
131213,909,8
131215,909,2
131216,909,17
131217,909,57
131220,909,10
131221,909,19
131222,909,9
131223,909,5
131225,909,18
131226,909,27
131228,909,10
131289,909,1
131316,909,1
131321,909,5
131326,909,2
131329,909,1
131331,909,1
131333,909,2
131334,909,8
131337,909,39
131341,909,27
131343,909,19
131350,909,2
131353,909,2
131354,909,2
131362,909,2
131363,909,1
131364,909,2
131367,909,14
131370,909,2
131377,909,1
131378,909,1
131381,909,1
131391,909,1
131553,909,1
131571,909,1
131577,909,31
131583,909,7
131586,909,6
131589,909,1
131592,909,7
131594,909,14
131596,909,1
131597,909,221
131601,909,21
131603,909,27
131609,909,1
131614,909,7
131615,909,2
131616,909,2
131617,909,8
131618,909,8
131628,909,27
131629,909,16
131630,909,7
131634,909,34
131637,909,23
131645,909,2
131648,909,4
131650,909,1
131654,909,3
131656,909,1
131666,909,1
131675,909,1
131679,909,10
131692,909,1
131701,909,1
131705,909,1
131706,909,2
131713,909,24
131725,909,1
131742,909,1
131775,909,1
131776,909,6
131779,909,1
131780,909,7
131781,909,14
131783,909,3
131786,909,1
131787,909,35
131788,909,3
131789,909,5
131790,909,1
131791,909,4
131793,909,168
131794,909,1
131797,909,3
131798,909,1
131799,909,197
131801,909,1
131803,909,17
131804,909,28
131805,909,6
131806,909,12
131808,909,1
131810,909,3
131811,909,1
131812,909,6
131813,909,1
131814,909,2
131815,909,1
131816,909,74
131817,909,2
131821,909,19
131824,909,2
131825,909,1
131827,909,432
131828,909,10
131830,909,61
131838,909,2
131841,909,1
131843,909,85
131844,909,1
131846,909,1
131847,909,1
131848,909,1
131850,909,271
131851,909,1
131854,909,8
131856,909,2
131860,909,6
131862,909,181
131863,909,11
131864,909,3
131868,909,36
131869,909,1
131872,909,10
131874,909,5
131876,909,74
131877,909,6
131879,909,94
131880,909,105
131881,909,9
131883,909,1
131886,909,2
131888,909,1
131889,909,1
131891,909,36
131892,909,2
131893,909,19
131895,909,9
131897,909,1
131898,909,5
131900,909,8
131902,909,209
131914,909,1
131932,909,1
131937,909,10
131939,909,1
131941,909,1
131951,909,7
131960,909,18
131982,909,5
131984,909,28
131993,909,4
131996,909,1
132000,909,10
132001,909,28
132005,909,2
132007,909,8
132017,909,2
132018,909,30
132033,909,4
132035,909,1
132038,909,1
132046,909,5
132050,909,21
132051,909,1
132068,909,2
132069,909,6
132070,909,1
132071,909,15
132074,909,8
132076,909,24
132077,909,8
132078,909,1
132079,909,4
132080,909,4
132082,909,1
132083,909,1
132085,909,1
132091,909,6
132096,909,1
132200,909,1
132306,909,72
132311,909,3
132317,909,2
132330,909,2
132333,909,11
132334,909,4
132336,909,1
132341,909,1
132342,909,1
132344,909,22
132345,909,1
132347,909,1
132351,909,3
132353,909,14
132354,909,1
132357,909,6
132358,909,95
132359,909,3
132360,909,40
132362,909,1
132364,909,1
132366,909,2
132368,909,1
132369,909,1
132371,909,6
132372,909,1
132373,909,1
132378,909,19
132381,909,1
132383,909,1
132385,909,3
132395,909,61
132403,909,17
132404,909,1
132407,909,1
132408,909,16
132409,909,2
132410,909,10
132411,909,1
132417,909,3
132427,909,1
132431,909,1
132434,909,15
132438,909,1
132440,909,1
132441,909,9
132443,909,13
132444,909,1
132445,909,1
132450,909,1
132451,909,32
132453,909,17
132454,909,2
132455,909,6
132456,909,3
132460,909,1
132463,909,74
132465,909,1
132467,909,1
132468,909,2
132469,909,2
132471,909,1
132473,909,1
132474,909,1
132476,909,1
132479,909,7
132481,909,24
132493,909,4
132498,909,71
132501,909,7
132502,909,2
132507,909,2
132509,909,2
132511,909,1
132513,909,6
132516,909,1
132522,909,5
132523,909,34
132526,909,3
132528,909,2
132535,909,5
132536,909,1
132539,909,5
132542,909,1
132549,909,1
132556,909,1
132563,909,2
132566,909,1
132570,909,1
132572,909,1
132579,909,3
132584,909,7
132590,909,2
132593,909,1
132595,909,1
132597,909,1
132601,909,1
132605,909,1
132606,909,3
132607,909,32
132609,909,1
132611,909,1
132616,909,1
132618,909,1
132622,909,1
132623,909,1
132626,909,1
132627,909,15
132628,909,9
132629,909,1
132631,909,4
132633,909,1
132635,909,5
132638,909,1
132639,909,1
132641,909,1
132643,909,1
132648,909,1
132651,909,1
132653,909,1
132678,909,6
132690,909,1
132704,909,1
132711,909,5
132715,909,1
132723,909,1
132746,909,1
132747,909,1
132753,909,17
132757,909,5
132761,909,27
132762,909,5
132763,909,70
132765,909,1
132766,909,1
132767,909,1
132770,909,4
132780,909,24
132784,909,3
132785,909,9
132786,909,3
132788,909,2
132789,909,11
132790,909,2
132792,909,1
132795,909,14
132797,909,5
132798,909,4
132800,909,1
132801,909,20
132802,909,1
132804,909,1
132809,909,966
132815,909,1
132816,909,223
132824,909,15
132825,909,3
132826,909,16
132832,909,1
132833,909,17
132835,909,1
132836,909,5
132837,909,1
132839,909,1
132840,909,4
132843,909,1
132844,909,1
132845,909,33
132848,909,23
132849,909,31
132850,909,2
132851,909,6
132852,909,24
132854,909,3
132855,909,1
132856,909,17
132859,909,2
132861,909,2
132863,909,3
132867,909,27
132869,909,23
132870,909,7
132872,909,6
132873,909,8
132874,909,10
132885,909,1
132886,909,1
132887,909,1
132896,909,1
132918,909,1
132925,909,4
132927,909,1
132928,909,6
132930,909,12
132931,909,13
132937,909,1
132942,909,8
132960,909,1
132961,909,2
132962,909,2
132972,909,1
132987,909,1
132991,909,1
132995,909,2
132997,909,3
133002,909,8
133003,909,1
133009,909,1
133013,909,4
133032,909,67
133035,909,55
133037,909,1606
133046,909,1
133049,909,1
133050,909,1
133052,909,8
133055,909,1
133056,909,2
133060,909,2
133061,909,8
133062,909,3
133063,909,2
133064,909,64
133066,909,1
133067,909,2
133072,909,7
133076,909,1
133077,909,2
133079,909,1
133080,909,2
133097,909,1
133102,909,1
133120,909,1
133126,909,2
133141,909,2
133145,909,1
133179,909,3
133182,909,1
133189,909,1
133191,909,6
133195,909,1
133197,909,1
133212,909,3
133219,909,3
133221,909,4
133222,909,1
133225,909,2
133231,909,2
133235,909,8
133236,909,8
133239,909,103
133241,909,3
133243,909,2
133244,909,1
133245,909,1
133249,909,41
133250,909,2
133251,909,1
133252,909,98
133253,909,25
133254,909,2
133255,909,11
133256,909,1
133258,909,6
133260,909,172
133263,909,2
133264,909,21
133265,909,5
133266,909,4
133268,909,1
133270,909,2
133271,909,1
133272,909,5
133273,909,1
133274,909,2
133276,909,8
133278,909,1
133279,909,2
133280,909,1
133282,909,2
133283,909,2
133289,909,31
133291,909,1
133292,909,1
133293,909,4
133297,909,1
133299,909,24
133301,909,1
133306,909,36
133308,909,48
133309,909,3
133310,909,1
133311,909,3
133317,909,3
133318,909,3
133320,909,43
133321,909,1
133322,909,1
133323,909,5
133327,909,5
133329,909,3
133331,909,1
133333,909,4
133334,909,1
133335,909,5
133338,909,3
133340,909,1
133342,909,1
133345,909,6
133346,909,1
133347,909,1
133349,909,4
133350,909,1
133351,909,2
133352,909,4
133353,909,2
133355,909,10
133361,909,1
133371,909,1
133373,909,1
133381,909,1
133393,909,5
133397,909,1
133430,909,1
133431,909,3
133437,909,2
133444,909,10
133447,909,7
133448,909,5
133459,909,1
133463,909,1
133468,909,2
133470,909,11
133483,909,3
133485,909,1
133539,909,1
133546,909,9
133547,909,1
133551,909,1
133552,909,21
133554,909,2
133555,909,3
133557,909,6
133558,909,9
133560,909,3
133561,909,12
133565,909,12
133566,909,1
133568,909,6
133577,909,6
133578,909,31
133579,909,2
133583,909,38
133589,909,3
133590,909,12
133595,909,2
133599,909,2
133602,909,3
133607,909,4
133608,909,2
133611,909,2
133612,909,4
133614,909,5
133620,909,1
133625,909,86
133629,909,24
133630,909,1
133633,909,43
133635,909,1
133636,909,7
133638,909,1
133639,909,1
133640,909,3
133641,909,1
133643,909,50
133644,909,1
133647,909,10
133649,909,6
133653,909,1
133654,909,12
133656,909,1
133657,909,8
133658,909,2
133661,909,2
133663,909,1
133665,909,3
133667,909,1
133669,909,2
133676,909,1
133681,909,1
133685,909,4
133692,909,3
133705,909,1
133714,909,4
133716,909,27
133720,909,1
133722,909,3
133741,909,4
133748,909,14
133749,909,2
133750,909,18
133751,909,2
133754,909,7
133760,909,7
133764,909,27
133765,909,36
133815,909,1
133818,909,1
133823,909,4
133830,909,1
133836,909,2
133838,909,1
133841,909,16
133847,909,7
133849,909,1
133855,909,201
133859,909,3
133864,909,1
133912,909,5
133922,909,1
133954,909,2
133968,909,1
133973,909,2
133978,909,2
133981,909,21
133984,909,1
133985,909,31
133989,909,5
133990,909,1
133994,909,1
133996,909,1
133998,909,1
134000,909,14
134003,909,128
134004,909,1
134005,909,1
134012,909,2
134016,909,14
134021,909,4
134022,909,1
134029,909,23
134031,909,3
134033,909,1
134035,909,1
134040,909,5
134041,909,1
134042,909,2
134044,909,1
134046,909,1
134052,909,1
134053,909,5
134055,909,2
134060,909,1
134069,909,19
134074,909,1
134079,909,8
134080,909,2
134084,909,1
134086,909,26
134098,909,8
134112,909,4
134114,909,2
134117,909,3
134118,909,1
134121,909,2
134127,909,1
134133,909,3
134134,909,2
134151,909,1
134153,909,2
134154,909,3
134157,909,4
134158,909,11
134164,909,3
134166,909,8
134167,909,27
134168,909,12
134171,909,1
134192,909,2
134258,909,110
134259,909,15
134270,909,1
134277,909,2
134282,909,1
134288,909,11
134294,909,1
134298,909,2
134303,909,1
134305,909,1
134307,909,18
134309,909,2
134313,909,1
134327,909,9
134333,909,3
134339,909,6
134345,909,1
134354,909,7
134360,909,133
134366,909,1
134368,909,1
134370,909,1
134371,909,2
134372,909,1
134377,909,27
134388,909,12
134400,909,2
134407,909,1
134408,909,2
134411,909,1
134423,909,3
134433,909,1
134436,909,1
134438,909,1
134445,909,1
134456,909,2
134459,909,2
134464,909,18
134467,909,1
134468,909,4
134469,909,1
134471,909,1
134490,909,1
134507,909,2
134508,909,1
134554,909,1
134578,909,1
134582,909,6
134595,909,1
134603,909,1
134606,909,7
134608,909,3
134649,909,2
134654,909,3
134655,909,15
134656,909,5
134658,909,1
134662,909,1
134663,909,91
134664,909,2
134665,909,7
134666,909,1
134667,909,3
134669,909,59
134670,909,1
134673,909,7
134674,909,8
134675,909,1085
134679,909,87
134680,909,10
134681,909,2
134682,909,1
134686,909,1
134688,909,2
134690,909,1
134691,909,1
134692,909,42
134693,909,8
134694,909,4
134695,909,6
134696,909,16
134697,909,6
134699,909,57
134700,909,20
134702,909,1
134703,909,1
134704,909,1
134706,909,9
134707,909,21
134709,909,10
134710,909,6
134713,909,36
134716,909,115
134719,909,1
134724,909,98
134725,909,5
134727,909,1
134728,909,6
134729,909,9
134730,909,1
134731,909,408
134732,909,1
134738,909,3
134741,909,29
134742,909,1
134743,909,30
134744,909,1
134747,909,15
134748,909,1
134749,909,5
134750,909,34
134752,909,69
134753,909,9
134754,909,3
134756,909,1
134758,909,47
134759,909,19
134761,909,26
134762,909,9
134763,909,4
134764,909,1
134767,909,63
134768,909,2
134769,909,2
134770,909,332
134771,909,56
134772,909,1
134773,909,1
134774,909,1
134775,909,33
134777,909,1
134778,909,1
134779,909,1
134780,909,24
134781,909,5
134783,909,23
134784,909,1
134785,909,1
134786,909,13
134787,909,8
134790,909,9
134791,909,13
134792,909,12
134793,909,4
134795,909,3
134796,909,19
134798,909,9
134823,909,16
134824,909,78
134825,909,14
134826,909,36
134827,909,62
134828,909,25
134829,909,14
134830,909,78
134831,909,271
134832,909,46
134835,909,1
134840,909,1
134856,909,1
134870,909,1
134874,909,2
134886,909,2
134894,909,2
134895,909,1
134898,909,14
134899,909,1
134903,909,3
134912,909,12
134968,909,27
134969,909,87
134970,909,10
134971,909,6
134972,909,3
134973,909,17
134974,909,6
134977,909,1
134982,909,1
134985,909,4
134986,909,2
134987,909,2
135000,909,1
135013,909,3
135053,909,3
135074,909,1
135080,909,2
135086,909,1
135091,909,4
135095,909,1
135105,909,2
135124,909,2
135132,909,1
135133,909,14
135139,909,5
135146,909,3
135147,909,3
135149,909,1
135150,909,1
135156,909,8
135157,909,6
135159,909,2
135161,909,3
135162,909,2
135163,909,5
135169,909,15
135170,909,15
135178,909,1
135179,909,1
135183,909,29
135186,909,1
135187,909,1
135189,909,1
135190,909,1
135191,909,1
135192,909,6
135194,909,33
135202,909,1
135203,909,57
135207,909,1
135209,909,1
135210,909,37
135215,909,1
135230,909,17
135232,909,10
135240,909,1
135250,909,1
135253,909,1
135256,909,5
135264,909,8
135267,909,1
135271,909,49
135272,909,45
135276,909,2
135277,909,6
135290,909,15
135291,909,52
135292,909,1
135300,909,71
135308,909,9
135320,909,1
135322,909,1
135323,909,65
135325,909,5
135326,909,6
135331,909,1
135332,909,1
135334,909,1
135335,909,1
135340,909,1
135341,909,2
135344,909,3
135347,909,1
135354,909,1
135357,909,1
135360,909,4
135370,909,15
135371,909,1
135372,909,1
135394,909,2
135403,909,3
135463,909,2
135465,909,1
135478,909,1
135489,909,1
135494,909,1
135496,909,2
135501,909,5
135506,909,11
135515,909,8
135533,909,7
135534,909,2
135537,909,14
135542,909,1
135549,909,1
135558,909,39
135568,909,1
135569,909,1
135570,909,1
135577,909,1
135584,909,7
135586,909,6
135587,909,5
135607,909,3
135609,909,1
135610,909,6
135623,909,2
135624,909,1
135636,909,1
135643,909,1
135655,909,1
135668,909,1
135672,909,2
135678,909,1
135684,909,9
135685,909,1
135687,909,3
135689,909,1
135703,909,6
135746,909,18
135751,909,1
135752,909,3
135753,909,2
135756,909,1
135758,909,9
135760,909,1
135761,909,1
135762,909,1
135763,909,1
135764,909,4
135766,909,1
135767,909,119
135770,909,1
135771,909,2
135773,909,2
135776,909,4
135777,909,1
135778,909,1
135783,909,6
135786,909,1
135787,909,3
135789,909,2
135790,909,4
135792,909,3
135798,909,1
135801,909,1
135802,909,2
135805,909,12
135812,909,15
135815,909,1
135822,909,5
135824,909,1
135826,909,7
135827,909,3
135828,909,1
135832,909,1
135833,909,35
135836,909,2
135837,909,2
135838,909,2
135839,909,13
135840,909,5
135841,909,18
135842,909,1
135843,909,2
135844,909,1
135845,909,10
135847,909,1
135850,909,3
135853,909,1
135855,909,2
135858,909,10
135861,909,2
135863,909,1
135864,909,1
135865,909,11
135867,909,156
135882,909,1
135889,909,1
135937,909,1
135938,909,2
135959,909,1
135975,909,1
135983,909,2
135984,909,1
136009,909,8
136021,909,3
136025,909,1
136036,909,10
136041,909,1
136050,909,1
136053,909,6
136054,909,8
136069,909,1
136071,909,1
136072,909,1
136081,909,1
136090,909,1
136100,909,1
136102,909,2
136104,909,4
136105,909,3
136119,909,1
136121,909,2
136145,909,11
136153,909,1
136171,909,1
136184,909,1
136189,909,1
136202,909,1
136219,909,1
136223,909,2
136228,909,4
136230,909,1
136231,909,2
136259,909,6
136260,909,19
136261,909,1
136265,909,54
136269,909,1
136270,909,13
136275,909,175
136276,909,12
136277,909,3
136281,909,1
136283,909,3
136284,909,1
136285,909,1
136291,909,3
136292,909,29
136295,909,2
136298,909,3
136303,909,1
136304,909,1
136305,909,7
136309,909,1
136310,909,1
136312,909,1
136316,909,2
136317,909,1
136323,909,2
136324,909,2
136332,909,3
136337,909,1
136341,909,3
136346,909,3
136347,909,1
136358,909,18
136366,909,1
136371,909,1
136383,909,7
136387,909,2
136388,909,1
136394,909,1
136395,909,4
136396,909,1
136406,909,1
136408,909,1
136411,909,1
136414,909,1
136415,909,1
136417,909,2
136419,909,1
136421,909,3
136423,909,1
136424,909,2
136425,909,1
136427,909,1
136430,909,1
136431,909,1
136432,909,1
136433,909,1
136451,909,1
136526,909,1
136533,909,13
136537,909,1
136572,909,2
136575,909,8
136600,909,1
136610,909,5
136622,909,4
136628,909,2
136642,909,1
136653,909,3
136654,909,1
136662,909,1
136665,909,1
136678,909,1
136689,909,1
136693,909,1
136698,909,1
136720,909,2
136737,909,18
136741,909,7
136742,909,1
136749,909,1
136753,909,1
136771,909,2
136773,909,1
136774,909,6
136777,909,5
136788,909,2
136795,909,3
136797,909,1
136803,909,1
136823,909,1
136839,909,18
136855,909,9
136864,909,1
136875,909,1
136878,909,1
136882,909,6
136888,909,6
136895,909,1
136897,909,1
136903,909,1
136909,909,2
136914,909,1
136918,909,1
136920,909,2
136921,909,1
136925,909,1
136934,909,1
137078,909,1
137087,909,5
137089,909,1
137099,909,1
137102,909,1
137140,909,1
137148,909,1
137149,909,1
137163,909,1
137202,909,1
137206,909,5
137210,909,6
137211,909,1
137212,909,1
137219,909,2
137221,909,1
137224,909,14
137226,909,2
137228,909,3
137230,909,9
137235,909,6
137238,909,1
137241,909,2
137243,909,3
137244,909,3
137249,909,1
137251,909,1
137255,909,7
137264,909,1
137266,909,4
137280,909,1
137281,909,4
137286,909,1
137296,909,4
137308,909,1
137319,909,1
137323,909,3
137339,909,1
137341,909,2
137344,909,1
137345,909,3
137346,909,1
137348,909,1
137357,909,1
137466,909,1
137478,909,3
137480,909,1
137492,909,1
137505,909,2
137508,909,1
137513,909,1
137535,909,1
137537,909,1
137546,909,2
137558,909,1
137563,909,3
137575,909,2
137591,909,5
137592,909,2
137593,909,2
137594,909,12
137595,909,35
137596,909,310
137597,909,3
137598,909,3
137599,909,13
137600,909,11
137601,909,2
137602,909,2
137603,909,2
137604,909,15
137617,909,1
137622,909,1
137636,909,1
137637,909,5
137654,909,2
137655,909,1
137657,909,1
137660,909,1
137685,909,1
137692,909,2
137694,909,5
137710,909,2
137714,909,1
137718,909,1
137724,909,1
137729,909,1
137734,909,63
137739,909,15
137745,909,1
137747,909,1
137753,909,1
137764,909,2
137766,909,2
137767,909,2
137770,909,2
137774,909,1
137783,909,2
137784,909,2
137789,909,1
137849,909,4
137850,909,4
137852,909,101
137864,909,1
137867,909,4
137905,909,7
137910,909,3
137913,909,6
137914,909,2
137916,909,1
137919,909,11
137921,909,1
137930,909,1
137936,909,2
137941,909,2
137943,909,2
137944,909,3
137950,909,3
137971,909,1
138076,909,1
138085,909,1
138087,909,1
138096,909,1
138098,909,2
138103,909,1
138121,909,4
138124,909,1
138127,909,2
138136,909,2
138143,909,1
138162,909,1
138186,909,1
138194,909,10
138231,909,1
138266,909,1
138385,909,12
138386,909,2
138408,909,1
138414,909,1
138415,909,1
138421,909,3
138445,909,4
138446,909,1
138454,909,7
138457,909,3
138461,909,1
138462,909,3
138463,909,1
138474,909,1
138513,909,3
138522,909,1
138589,909,2
138719,909,1
138724,909,3
138729,909,2
138733,909,39
138737,909,3
138749,909,2
138753,909,1
138756,909,2
138757,909,1
138763,909,1
138769,909,1
138772,909,4
138776,909,3
138783,909,15
138789,909,1
138791,909,1
138795,909,1
138798,909,1
138800,909,2
138805,909,2
138806,909,1
138808,909,1
138812,909,2
138815,909,12
138816,909,2
138820,909,1
138824,909,1
138826,909,1
138837,909,1
138892,909,2
138893,909,7
138894,909,1
138895,909,3
138896,909,6
138897,909,2
138898,909,1
138899,909,7
138900,909,26
138901,909,4
138948,909,2
138956,909,2
138960,909,2
138961,909,73
138962,909,1
138964,909,2
138965,909,1
138966,909,229
138967,909,26
138968,909,5
138969,909,1
138971,909,1
138973,909,3
138974,909,1
138975,909,1
138977,909,4
138978,909,1
138979,909,2
138980,909,1
138982,909,4
138983,909,15
138984,909,1
138985,909,1
138986,909,7
138987,909,1
138988,909,3
138989,909,1
138990,909,46
138991,909,4
138992,909,4
138993,909,1
138994,909,2
138995,909,6
138996,909,6
138997,909,1
138998,909,1
138999,909,1
139000,909,1
139002,909,16
139003,909,4
139004,909,3
139005,909,1
139006,909,1
139007,909,1
139008,909,1
139009,909,3
139010,909,4
139011,909,2
139014,909,3
139052,909,3
139071,909,1
139077,909,2
139088,909,3
139092,909,1
139102,909,2
139118,909,1
139145,909,1
139146,909,1
139156,909,1
139166,909,1
139172,909,2
139176,909,2
139194,909,1
139195,909,4
139201,909,6
139222,909,1
139228,909,6
139245,909,1
139251,909,1
139314,909,1
139324,909,1
139358,909,1
139363,909,2
139376,909,6
139377,909,1
139379,909,2
139396,909,4
139398,909,1
139415,909,4
139441,909,1
139453,909,1
139461,909,1
139481,909,6
139549,909,19
139550,909,10
139561,909,3
139563,909,1
139565,909,8
139566,909,1
139568,909,2
139578,909,39
139581,909,1
139583,909,7
139594,909,3
139598,909,46
139603,909,24
139612,909,1
139614,909,3
139621,909,1
139625,909,1
139627,909,4
139628,909,3
139629,909,1
139635,909,1
139640,909,3
139646,909,1
139670,909,15
139687,909,7
139691,909,1
139702,909,20
139708,909,2
139719,909,2
139723,909,12
139725,909,15
139736,909,1
139744,909,1
139750,909,1
139752,909,1
139753,909,2
139764,909,3
139768,909,1
139779,909,1
139780,909,1
139781,909,1
139790,909,1
139817,909,13
139825,909,2
139843,909,2
139856,909,1
139861,909,1
139863,909,1
139874,909,1
139880,909,1
139882,909,1
139889,909,1
139891,909,1
139895,909,2
139900,909,5
139902,909,1
139903,909,2
139911,909,1
139933,909,1
139934,909,2
139936,909,8
139942,909,2
139947,909,27
139948,909,2
139964,909,5
139979,909,1
140001,909,1
140002,909,1
140003,909,1
140012,909,3
140014,909,2
140015,909,2
140029,909,1
140033,909,1
140034,909,1
140036,909,2
140037,909,3
140059,909,1
140065,909,4
140081,909,2
140096,909,1
140114,909,1
140122,909,1
140123,909,1
140162,909,12
140168,909,1
140213,909,1
140218,909,7
140246,909,4
140252,909,1
140256,909,14
140258,909,1
140268,909,11
140274,909,1
140276,909,6
140277,909,1
140281,909,1
140283,909,1
140291,909,2
140330,909,1
140350,909,2
140358,909,1
140363,909,1
140367,909,1
140369,909,62
140373,909,1
140374,909,2
140376,909,1
140386,909,29
140391,909,1
140392,909,1
140394,909,1
140395,909,2
140404,909,1
140407,909,3
140410,909,3
140416,909,19
140423,909,20
140431,909,3
140433,909,3
140439,909,3
140441,909,1
140442,909,1
140446,909,7
140449,909,1
140450,909,1
140451,909,2
140455,909,1
140456,909,3
140457,909,1
140458,909,6
140459,909,4
140460,909,1
140463,909,3
140468,909,1
140473,909,1
140474,909,3
140476,909,1
140477,909,1
140478,909,1
140480,909,1
140481,909,2
140483,909,1
140539,909,1
140589,909,2
140598,909,1
140600,909,15
140602,909,1
140603,909,2
140611,909,1
140612,909,1
140616,909,2
140617,909,1
140618,909,1
140619,909,2
140621,909,2
140667,909,1
140706,909,2
140710,909,3
140721,909,1
140726,909,6
140728,909,1
140731,909,1
140735,909,4
140740,909,2
140747,909,1
140749,909,1
140750,909,1
140762,909,3
140775,909,2
140787,909,1
140788,909,2
140792,909,1
140801,909,3
140819,909,2
140827,909,1
140829,909,1
140831,909,1
140832,909,2
140833,909,1
140914,909,4
140924,909,1
140934,909,2
140943,909,1
140947,909,1
140948,909,9
140950,909,4
140961,909,1
140968,909,2
140984,909,6
140991,909,2
140996,909,1
140998,909,1
141015,909,1
141022,909,1
141023,909,1
141030,909,3
141032,909,2
141034,909,1
141042,909,7
141056,909,1
141057,909,4
141060,909,1
141062,909,11
141063,909,1
141071,909,1
141073,909,1
141074,909,5
141077,909,1
141079,909,1
141117,909,2
141131,909,1
141173,909,16
141187,909,2
141195,909,1
141202,909,1
141209,909,13
141213,909,1
141221,909,2
141228,909,1
141241,909,2
141245,909,1
141248,909,4
141249,909,1
141250,909,10
141257,909,1
141266,909,3
141271,909,1
141272,909,1
141275,909,2
141281,909,2
141282,909,1
141283,909,1
141286,909,3
141291,909,142
141297,909,33
141304,909,2
141306,909,2
141312,909,3
141315,909,1
141318,909,1
141323,909,5
141325,909,3
141326,909,5
141328,909,1
141329,909,3
141333,909,3
141340,909,1
141344,909,4
141345,909,3
141346,909,1
141348,909,1
141349,909,1
141350,909,1
141387,909,1
141395,909,1
141397,909,1
141401,909,4
141412,909,2
141428,909,32
141429,909,26
141431,909,755
141439,909,1
141445,909,4
141449,909,1
141452,909,1
141453,909,4
141454,909,1
141455,909,1
141456,909,30
141459,909,1
141464,909,3
141468,909,1
141469,909,1
141472,909,1
141500,909,1
141511,909,1
141531,909,1
141534,909,3
141538,909,1
141539,909,1
141541,909,2
141543,909,1
141545,909,1
141546,909,3
141547,909,4
141548,909,176
141549,909,104
141550,909,4
141551,909,1
141552,909,1
141553,909,5
141554,909,2
141555,909,1
141556,909,111
141557,909,41
141558,909,1
141559,909,24
141560,909,18
141561,909,2
141562,909,30
141563,909,2
141564,909,18
141565,909,3
141566,909,7
141567,909,1
141568,909,1
141569,909,37
141570,909,1
141571,909,2
141572,909,33
141573,909,18
141574,909,110
141575,909,3
141576,909,68
141577,909,2
141578,909,1
141579,909,512
141580,909,1
141581,909,12
141582,909,1
141583,909,5
141584,909,1
141585,909,10
141586,909,5
141587,909,1
141588,909,7
141589,909,1
141590,909,2
141591,909,1
141592,909,6
141593,909,5
141594,909,27
141595,909,13
141596,909,1
141597,909,17
141599,909,1
141604,909,7
141607,909,16
141608,909,4
141610,909,2
141612,909,1
141614,909,29
141617,909,3
141618,909,1
141619,909,1
141623,909,1
141627,909,1
141636,909,5
141639,909,1
141641,909,4
141644,909,6
141646,909,8
141652,909,1
141653,909,7
141656,909,1
141657,909,1
141661,909,1
141663,909,1
141664,909,1
141669,909,1
141672,909,1
141675,909,1
141677,909,2
141734,909,1
141735,909,2
141740,909,2
141744,909,7
141747,909,5
141748,909,3
141762,909,1
141767,909,2
141769,909,8
141779,909,2
141781,909,1
141808,909,1
141810,909,1
141830,909,2
141836,909,1
141843,909,1
141881,909,1
141888,909,7
141926,909,2
142013,909,1
142061,909,3
142071,909,1
142136,909,1
142186,909,1
142201,909,1
142205,909,3
142228,909,4
142230,909,2
142253,909,2
142254,909,1
142259,909,11
142261,909,1
142265,909,7
142267,909,1
142268,909,1
142269,909,126
142273,909,10
142274,909,1
142285,909,5
142286,909,1
142288,909,1
142289,909,2
142290,909,1
142292,909,7
142293,909,2
142298,909,1
142299,909,2
142301,909,1
142302,909,1
142305,909,4
142308,909,13
142315,909,11
142316,909,1
142319,909,1
142320,909,1
142322,909,47
142332,909,3
142334,909,4
142338,909,2
142340,909,1
142341,909,4
142343,909,8
142344,909,1
142348,909,6
142349,909,2
142351,909,3
142352,909,1
142356,909,7
142359,909,39
142360,909,7
142364,909,4
142369,909,3
142370,909,1
142371,909,3
142374,909,2
142375,909,1
142377,909,1
142378,909,1
142379,909,1
142382,909,2
142384,909,1
142427,909,1
142435,909,1
142439,909,2
142473,909,2
142492,909,1
142501,909,2
142505,909,1
142513,909,1
142527,909,1
142544,909,1
142545,909,1
142554,909,1
142555,909,1
142566,909,2
142574,909,1
142576,909,3
142582,909,5
142587,909,3
142606,909,1
142607,909,1
142609,909,1
142620,909,3
142621,909,9
142627,909,12
142638,909,3
142662,909,1
142686,909,2
142687,909,1
142694,909,1
142701,909,1
142706,909,1
142708,909,2
142710,909,5
142713,909,11
142716,909,8
142723,909,6
142724,909,2
142726,909,14
142730,909,1
142734,909,1
142740,909,38
142780,909,1
142795,909,1
142812,909,6
142836,909,1
142843,909,1
142856,909,2
142862,909,1
142864,909,1
142878,909,1
142884,909,1
142885,909,8
142890,909,1
142898,909,2
142906,909,1
142917,909,1
142931,909,1
142962,909,1
142964,909,1
142965,909,2
142987,909,1
143015,909,2
143033,909,2
143038,909,1
143084,909,3
143087,909,1
143096,909,1
143099,909,2
143100,909,9
143110,909,23
143128,909,10
143132,909,2
143144,909,30
143152,909,3
143163,909,3
143167,909,18
143171,909,23
143184,909,1
143192,909,1
143198,909,2
143200,909,2
143201,909,2
143202,909,1
143209,909,1
143214,909,4
143218,909,1
143275,909,2
143281,909,2
143292,909,32
143295,909,1
143303,909,7
143312,909,1
143325,909,2
143350,909,1
143351,909,1
143359,909,42
143364,909,1
143367,909,6
143368,909,1
143373,909,1
143375,909,1
143385,909,6
143388,909,1
143391,909,1
143392,909,1
143398,909,2
143400,909,1
143403,909,1
143404,909,2
143407,909,2
143413,909,1
143420,909,2
143427,909,2
143429,909,2
143436,909,2
143438,909,3
143443,909,7
143446,909,1
143448,909,17
143451,909,2
143452,909,7
143453,909,1
143455,909,1
143460,909,2
143473,909,1
143477,909,1
143482,909,1
143491,909,5
143493,909,1
143496,909,15
143497,909,1
143507,909,3
143512,909,1
143537,909,2
143547,909,2
143552,909,1
143557,909,2
143563,909,2
143579,909,12
143597,909,1
143613,909,5
143618,909,1
143619,909,1
143625,909,1
143627,909,2
143638,909,1
143663,909,1
143669,909,3
143683,909,2
143698,909,1
143711,909,1
143719,909,1
143720,909,1
143752,909,1
143760,909,13
143766,909,1
143814,909,2
143819,909,8
143850,909,32
143858,909,1
143863,909,4
143867,909,1
143868,909,1
143870,909,105
143873,909,8
143874,909,2
143879,909,1
143881,909,2
143883,909,1
143885,909,81
143892,909,1
143904,909,7
143910,909,45
143915,909,4
143927,909,6
143928,909,1
143932,909,4
143935,909,2
143941,909,1
143943,909,2
143944,909,11
143951,909,1
143955,909,2
143960,909,3
143973,909,2
143975,909,1
143976,909,2
143980,909,180
143981,909,17
143983,909,20
143984,909,1
143986,909,7
143988,909,3
143989,909,127
143990,909,9
143993,909,1
143996,909,20
143997,909,1
143999,909,6
144000,909,1
144004,909,2
144020,909,1
144037,909,10
144041,909,4
144042,909,1
144053,909,1
144069,909,1
144072,909,3
144074,909,3
144085,909,1
144092,909,2
144100,909,1
144132,909,7
144145,909,3
144165,909,2
144170,909,2
144183,909,1
144192,909,1
144275,909,1
144311,909,1
144312,909,1
144346,909,1
144452,909,2
144481,909,3
144511,909,1
144518,909,1
144524,909,1
144525,909,1
144565,909,2
144569,909,2
144582,909,1
144587,909,5
144589,909,1
144594,909,1
144599,909,3
144605,909,2
144612,909,1
144614,909,1
144615,909,1
144628,909,2
144635,909,1
144654,909,1
144663,909,8
144666,909,1
144670,909,1
144683,909,6
144696,909,15
144733,909,2
144747,909,1
144748,909,2
144761,909,2
144781,909,1
144793,909,1
144796,909,1
144840,909,20
144845,909,1
144851,909,1
144875,909,1
144889,909,3
144891,909,1
144904,909,1
144919,909,2
144958,909,1
144969,909,2
144988,909,1
145001,909,1
145106,909,1
145118,909,1
145128,909,2
145130,909,1
145138,909,1
145142,909,1
145148,909,5
145162,909,1
145177,909,1
145181,909,2
145191,909,1
145192,909,1
145219,909,7
145370,909,19
145403,909,3
145404,909,2
145416,909,2
145417,909,1
145434,909,1
145442,909,1
145446,909,2
145449,909,1
145453,909,8
145479,909,12
145484,909,5
145487,909,11
145488,909,3
145490,909,1
145492,909,1
145493,909,20
145495,909,2
145496,909,1
145497,909,1
145500,909,1
145503,909,1
145508,909,4
145513,909,3
145515,909,4
145516,909,6
145522,909,5
145525,909,1
145526,909,1
145528,909,1
145530,909,1
145534,909,1
145542,909,1
145580,909,1
145607,909,1
145610,909,1
145612,909,1
145662,909,1
145666,909,3
145671,909,1
145672,909,1
145675,909,1
145677,909,1
145680,909,1
145683,909,1
145684,909,4
145686,909,4
145691,909,1
145702,909,1
145707,909,10
145710,909,3
145713,909,5
145715,909,1
145720,909,6
145723,909,1
145724,909,1
145727,909,1
145729,909,1
145767,909,1
145768,909,3
145785,909,2
145787,909,2
145790,909,1
145796,909,1
145800,909,3
145801,909,4
145820,909,4
145864,909,3
145902,909,1
145906,909,1
145924,909,4
145948,909,1
146077,909,26
146078,909,4
146122,909,1
146177,909,3
146187,909,1
146249,909,1
146270,909,1
146300,909,2
146305,909,1
146309,909,20
146311,909,2
146322,909,1
146328,909,1
146338,909,1
146339,909,2
146342,909,2
146349,909,8
146352,909,1
146354,909,1
146361,909,1
146363,909,1
146367,909,1
146373,909,1
146376,909,6
146377,909,1
146381,909,1
146479,909,2
146491,909,2
146507,909,3
146546,909,2
146566,909,1
146572,909,1
146583,909,3
146587,909,1
146597,909,2
146639,909,1
146640,909,1
146664,909,3
146665,909,2
146672,909,1
146673,909,3
146679,909,4
146754,909,1
146773,909,1
146775,909,5
146779,909,1
146780,909,1
146784,909,3
146790,909,1
146793,909,34
146798,909,1
146801,909,1
146805,909,2
146808,909,1
146811,909,1
146812,909,1
146819,909,1
146820,909,3
146827,909,4
146836,909,1
146839,909,2
146840,909,1
146844,909,10
146848,909,1
146850,909,4
146851,909,2
146852,909,5
146854,909,1
146856,909,3
146860,909,1
146867,909,3
146874,909,3
146876,909,44
146890,909,1
146899,909,3
146907,909,2
146908,909,1
146914,909,1
146918,909,1
146932,909,1
146960,909,1
146965,909,1
146966,909,1
146967,909,2
146968,909,4
146969,909,1
146989,909,1
146995,909,15
146996,909,8
147009,909,2
147011,909,1
147013,909,6
147017,909,1
147028,909,31
147034,909,1
147036,909,5
147047,909,3
147052,909,36
147058,909,18
147070,909,3
147078,909,1
147084,909,1
147086,909,3
147087,909,3
147100,909,3
147106,909,1
147118,909,1
147119,909,196
147125,909,1
147128,909,4
147130,909,2
147133,909,3
147137,909,3
147138,909,1
147139,909,87
147140,909,1
147142,909,3
147144,909,16
147145,909,3
147150,909,1
147152,909,3
147153,909,1
147154,909,1
147156,909,261
147165,909,28
147167,909,1
147178,909,23
147181,909,1
147185,909,153
147191,909,202
147192,909,1
147194,909,2
147204,909,1
147208,909,7
147209,909,2
147213,909,4
147214,909,1
147216,909,10
147222,909,19
147223,909,1
147224,909,19
147225,909,22
147226,909,5
147228,909,1
147231,909,1
147234,909,5
147236,909,1
147238,909,1
147240,909,36
147247,909,11
147249,909,2
147255,909,1
147260,909,1
147268,909,2
147272,909,4
147274,909,10
147276,909,9
147291,909,1
147292,909,3
147293,909,1
147294,909,6
147296,909,1
147338,909,1
147343,909,1
147348,909,4
147349,909,1
147350,909,1
147357,909,112
147359,909,1
147362,909,1
147366,909,1
147367,909,15
147368,909,4
147373,909,3
147375,909,2
147384,909,1
147385,909,15
147387,909,1
147388,909,2
147389,909,1
147391,909,4
147392,909,3
147399,909,5
147401,909,2
147402,909,1
147404,909,2
147405,909,6
147408,909,5
147414,909,4
147418,909,1
147421,909,7
147428,909,5
147430,909,5
147437,909,5
147439,909,7
147443,909,1
147444,909,20
147445,909,1
147447,909,2
147449,909,45
147450,909,1
147452,909,6
147453,909,17
147454,909,4
147455,909,1
147456,909,3
147457,909,1
147458,909,1
147461,909,5
147466,909,1
147467,909,1
147468,909,1
147472,909,1
147475,909,2
147479,909,3
147482,909,1
147483,909,3
147489,909,5
147492,909,1
147495,909,15
147496,909,1
147508,909,2
147517,909,1
147531,909,1
147532,909,2
147533,909,2
147534,909,1
147540,909,1
147543,909,8
147545,909,6
147546,909,5
147560,909,2
147564,909,2
147565,909,2
147567,909,4
147568,909,7
147577,909,1
147610,909,1
147617,909,2
147623,909,7
147624,909,1
147630,909,1
147640,909,4
147652,909,1
147656,909,1
147659,909,1
147687,909,2
147688,909,1
147689,909,1
147696,909,2
147697,909,3
147698,909,1
147734,909,2
147740,909,1
147741,909,1
147742,909,60
147746,909,2
147747,909,1
147748,909,4
147753,909,1
147758,909,2
147761,909,1
147764,909,1
147769,909,2
147773,909,2
147774,909,2
147777,909,1
147779,909,1
147784,909,1
147786,909,1
147791,909,1
147793,909,1
147794,909,1
147796,909,7
147801,909,35
147803,909,1
147804,909,1
147805,909,2
147809,909,1
147812,909,1
147815,909,1
147822,909,1
147825,909,1
147826,909,1
147829,909,1
147832,909,331
147833,909,1
147834,909,3
147835,909,1
147836,909,1
147838,909,1
147841,909,10
147843,909,1
147846,909,40
147850,909,9
147851,909,5
147852,909,3
147853,909,1086
147854,909,4
147855,909,1
147856,909,78
147857,909,17
147858,909,3
147860,909,1
147862,909,10
147863,909,3
147864,909,21
147865,909,4
147866,909,8
147867,909,5
147868,909,841
147874,909,1
147876,909,12
147878,909,4
147880,909,1
147882,909,1
147883,909,1
147887,909,1
147888,909,1
147889,909,77
147891,909,1
147895,909,471
147899,909,1
147900,909,44
147901,909,4
147903,909,4
147904,909,1
147910,909,1
147915,909,62
147916,909,9
147921,909,45
147922,909,3
147924,909,24
147926,909,2
147927,909,1
147929,909,1
147930,909,8
147931,909,1
147932,909,24
147933,909,118
147934,909,4
147935,909,1
147936,909,4
147939,909,1
147942,909,11
147943,909,2
147945,909,5
147946,909,1
147947,909,20
147952,909,29
147954,909,2
147959,909,1
147963,909,2
147964,909,1
147965,909,1
147981,909,2
147982,909,1
147984,909,1
147994,909,4
147997,909,1
147998,909,1
147999,909,2
148010,909,1
148083,909,7
148136,909,1
148153,909,2
148187,909,8
148188,909,1
148191,909,1
148209,909,1
148240,909,2
148242,909,1
148243,909,1
148244,909,1
148259,909,2
148292,909,3
148359,909,1
148417,909,2
148424,909,1
148429,909,1
148432,909,1
148434,909,46
148438,909,1
148439,909,1
148441,909,1
148450,909,22
148455,909,1
148459,909,1
148470,909,2
148473,909,2
148477,909,14
148483,909,15
148491,909,2
148493,909,2
148499,909,2
148501,909,1
148502,909,1
148505,909,6
148510,909,1
148514,909,2
148515,909,1
148516,909,4
148517,909,3
148518,909,1
148521,909,2
148526,909,1
148531,909,1
148532,909,3
148535,909,1
148538,909,1
148539,909,1
148545,909,1
148550,909,1
148559,909,1
148611,909,1
148614,909,1
148616,909,4
148618,909,1
148620,909,1
148653,909,1
148654,909,1
148655,909,1
148684,909,3
148685,909,1
148686,909,4
148868,909,3
148872,909,1
148873,909,1
148876,909,1
148877,909,1
148880,909,21
148882,909,2
148883,909,3
148888,909,1
148891,909,1
148892,909,1
148896,909,2
148897,909,1
148898,909,1
148900,909,3
148902,909,2
149016,909,1
149030,909,1
149053,909,1
149075,909,1
149107,909,1
149112,909,5
149116,909,6
149118,909,1
149119,909,1
149129,909,2
149131,909,1
149134,909,14
149137,909,2
149142,909,3
149147,909,9
149155,909,6
149158,909,1
149162,909,2
149164,909,3
149165,909,3
149174,909,1
149176,909,1
149181,909,7
149188,909,1
149209,909,4
149223,909,3
149232,909,8
149252,909,1
149254,909,8
149262,909,1
149268,909,3
149269,909,8
149272,909,1
149274,909,2
149283,909,1
149284,909,8
149296,909,1
149307,909,1
149311,909,6
149326,909,1
149327,909,2
149329,909,4
149332,909,2
149333,909,7
149334,909,2
149336,909,1
149337,909,1
149345,909,2
149429,909,1
149464,909,1
149531,909,1
149535,909,1
149554,909,1
149565,909,1
149583,909,1
149585,909,1
149592,909,1
149594,909,1
149598,909,1
149614,909,1
149634,909,30
149637,909,1
149642,909,1
149651,909,1
149660,909,2
149669,909,1
149674,909,7
149676,909,3
149692,909,1
149708,909,4
149714,909,1
149719,909,1
149721,909,1
149737,909,1
149744,909,1
149745,909,1
149752,909,2
149754,909,1
149764,909,5
149779,909,6
149788,909,1
149792,909,19
149795,909,2
149801,909,1
149805,909,2
149812,909,1
149813,909,9
149815,909,1
149816,909,1
149821,909,1
149823,909,1
149841,909,1
149849,909,4
149851,909,2
149852,909,2
149857,909,1
149864,909,8
149871,909,24
149872,909,1
149877,909,1
149880,909,213
149882,909,2
149884,909,2
149885,909,1
149887,909,9
149894,909,8
149896,909,1
149902,909,1
149903,909,1
149904,909,1
149912,909,10
149941,909,1
149955,909,1
149987,909,1
150008,909,1
150055,909,3
150059,909,1
150062,909,5
150063,909,1
150064,909,13
150071,909,1
150080,909,4
150084,909,1
150085,909,2
150086,909,1
150089,909,2
150095,909,3
150097,909,1
150098,909,1
150101,909,3
150106,909,172
150112,909,40
150119,909,3
150121,909,3
150127,909,3
150130,909,1
150133,909,1
150138,909,6
150140,909,4
150141,909,6
150143,909,1
150144,909,4
150146,909,1
150148,909,3
150155,909,1
150159,909,5
150161,909,4
150162,909,1
150164,909,1
150165,909,1
150166,909,2
150227,909,1
150246,909,9
150247,909,7
150249,909,211
150261,909,1
150268,909,1
150271,909,8
150278,909,1
150308,909,1
150334,909,2
150350,909,2
150382,909,2
150383,909,1
150388,909,1
150389,909,1
150404,909,1
150406,909,1
150408,909,6
150423,909,1
150431,909,1
150437,909,2
150462,909,1
150584,909,1
150585,909,1
150586,909,1
150595,909,1
150726,909,3
150732,909,15
150733,909,1
150737,909,2
150738,909,37
150740,909,3
150741,909,6
150743,909,11
150744,909,15
150745,909,1
150746,909,5
150747,909,21
150751,909,21
150752,909,1
150754,909,11
150762,909,11
150763,909,54
150764,909,3
150768,909,66
150772,909,1
150774,909,5
150775,909,21
150777,909,1
150780,909,3
150784,909,3
150787,909,5
150791,909,7
150792,909,3
150795,909,4
150796,909,6
150798,909,8
150804,909,1
150809,909,149
150811,909,1
150813,909,41
150814,909,1
150817,909,74
150819,909,2
150820,909,13
150822,909,1
150823,909,1
150824,909,5
150825,909,2
150827,909,86
150828,909,2
150831,909,18
150833,909,10
150837,909,2
150838,909,21
150840,909,2
150841,909,14
150842,909,3
150845,909,3
150847,909,1
150849,909,6
150851,909,2
150853,909,3
150977,909,1
150990,909,4
150995,909,2
151003,909,46
151005,909,1
151019,909,1
151025,909,1
151026,909,1
151034,909,1
151036,909,1
151066,909,12
151068,909,1
151074,909,1
151076,909,1
151077,909,2
151109,909,4
151113,909,6
151116,909,1
151126,909,3
151129,909,24
151139,909,3
151141,909,1
151146,909,4
151148,909,1
151154,909,1
151165,909,1
151169,909,1
151170,909,1
151173,909,19
151174,909,4
151175,909,23
151176,909,6
151177,909,1
151179,909,2
151181,909,10
151182,909,1
151183,909,3
151184,909,1
151187,909,1
151189,909,1
151191,909,1
151192,909,4
151193,909,2
151194,909,2
151195,909,6
151197,909,1
151198,909,1
151201,909,2
151202,909,12
151207,909,10
151212,909,8
151213,909,1
151217,909,6
151218,909,6
151221,909,3
151222,909,22
151224,909,148
151225,909,10
151230,909,2
151231,909,1
151232,909,5
151233,909,18
151235,909,4
151236,909,7
151238,909,3
151241,909,1
151245,909,4
151246,909,9
151247,909,4
151325,909,1
151331,909,1
151334,909,1
151340,909,1
151342,909,1
151344,909,1
151356,909,1
151360,909,2
151361,909,1
151364,909,1
151368,909,429
151369,909,60
151379,909,1
151381,909,4
151388,909,6
151389,909,1
151393,909,4
151394,909,1
151415,909,1
151445,909,5
151455,909,1
151467,909,2
151472,909,1
151473,909,2
151484,909,3
151492,909,1
151495,909,1
151501,909,1
151510,909,1
151512,909,1
151517,909,16
151521,909,4
151537,909,1
151551,909,1
151574,909,1
151591,909,1
151608,909,2
151640,909,10
151642,909,1
151662,909,1
151676,909,4
151682,909,16
151697,909,1
151701,909,2
151713,909,2
151716,909,20
151720,909,9
151722,909,1
151744,909,1
151750,909,1
151751,909,1
151752,909,1
151802,909,1
151824,909,1
151829,909,4
151834,909,3
151838,909,48
151842,909,4
151854,909,2
151858,909,1
151861,909,3
151862,909,1
151868,909,1
151874,909,2
151877,909,5
151881,909,4
151888,909,18
151894,909,1
151896,909,1
151900,909,1
151903,909,2
151905,909,3
151910,909,2
151911,909,1
151913,909,1
151917,909,3
151920,909,15
151921,909,2
151925,909,1
151929,909,1
151931,909,1
151934,909,1
151938,909,1
151939,909,1
151942,909,1
151981,909,1
152007,909,2
152030,909,1
152031,909,3
152032,909,16
152033,909,3
152034,909,7
152035,909,13
152036,909,2
152037,909,5
152038,909,1
152039,909,3
152040,909,16
152041,909,55
152042,909,9
152043,909,1
152048,909,1
152053,909,1
152071,909,1
152089,909,1
152095,909,2
152107,909,2
152120,909,2
152122,909,1
152125,909,16
152126,909,1
152131,909,3
152141,909,13
152207,909,4
152209,909,12
152210,909,1
152216,909,1
152219,909,2
152225,909,1
152248,909,2
152286,909,2
152312,909,1
152323,909,2
152327,909,1
152337,909,2
152400,909,1
152404,909,1
152415,909,1
152416,909,1
152425,909,1
152426,909,1
152435,909,3
152443,909,1
152445,909,3
152450,909,6
152454,909,4
152474,909,1
152475,909,4
152481,909,5
152484,909,1
152492,909,8
152493,909,1
152494,909,1
152616,909,1
152629,909,1
152643,909,2
152657,909,1
152658,909,1
152659,909,1
152677,909,1
152699,909,2
152707,909,1
152712,909,1
152713,909,1
152724,909,1
152731,909,1
152745,909,1
152750,909,3
152756,909,6
152772,909,2
152785,909,21
152787,909,3
152789,909,8
152790,909,1
152791,909,1
152809,909,16
152890,909,8
152894,909,1
152895,909,1
152897,909,1
152899,909,4
152902,909,1
152905,909,2
152908,909,53
152912,909,1
152913,909,1
152916,909,2
152920,909,2
152923,909,1
152925,909,1
152926,909,2
152927,909,2
152934,909,1
152935,909,5
152942,909,7
152951,909,2
152954,909,3
152955,909,1
152960,909,15
152963,909,1
152964,909,1
152965,909,1
152966,909,6
152967,909,2
152968,909,8
152969,909,1
152970,909,1
152971,909,1
152972,909,4
152976,909,1
152979,909,1
152980,909,1
152983,909,4
152986,909,1
152990,909,5
152992,909,69
153000,909,1
153041,909,1
153060,909,16
153061,909,8
153073,909,2
153075,909,1
153077,909,7
153081,909,1
153092,909,32
153098,909,1
153100,909,6
153111,909,3
153116,909,38
153122,909,19
153134,909,3
153142,909,1
153148,909,1
153150,909,3
153151,909,3
153164,909,3
153170,909,1
153181,909,19
153198,909,8
153202,909,2
153213,909,25
153219,909,3
153230,909,2
153234,909,15
153236,909,19
153247,909,1
153255,909,1
153261,909,2
153263,909,2
153264,909,2
153275,909,3
153279,909,1
153318,909,9
153326,909,1
153341,909,1
153367,909,1
153383,909,1
153387,909,2
153391,909,4
153394,909,1
153422,909,1
153423,909,3
153434,909,1
153500,909,3
153523,909,1
153534,909,1
153670,909,6
153709,909,1
153712,909,4
153738,909,1
153746,909,4
153758,909,3
153763,909,2
153807,909,2
153811,909,1
153812,909,1
153834,909,2
153842,909,1
153847,909,1
153851,909,1
153853,909,55
153857,909,1
153858,909,1
153860,909,1
153870,909,26
153875,909,1
153879,909,2
153891,909,3
153894,909,2
153900,909,17
153907,909,18
153915,909,2
153917,909,2
153923,909,3
153925,909,1
153926,909,1
153930,909,7
153933,909,1
153934,909,1
153935,909,2
153939,909,1
153940,909,2
153941,909,1
153942,909,5
153943,909,4
153944,909,1
153947,909,3
153952,909,1
153957,909,1
153958,909,3
153960,909,1
153961,909,1
153964,909,1
153965,909,1
153967,909,1
154023,909,3
154083,909,1
154115,909,1
154123,909,1
154124,909,1
154136,909,2
154152,909,1
154162,909,1
154165,909,1
154225,909,1
154232,909,1
154240,909,2
154249,909,1
154254,909,7
154256,909,3
154268,909,1
154283,909,4
154288,909,1
154293,909,1
154295,909,1
154310,909,1
154315,909,1
154316,909,1
154322,909,2
154324,909,1
154333,909,5
154388,909,1
154425,909,1
154432,909,2
154434,909,6
154450,909,2
154454,909,1
154458,909,1
154464,909,1
154469,909,2
154474,909,86
154479,909,20
154485,909,1
154487,909,1
154493,909,2
154504,909,3
154506,909,2
154507,909,3
154509,909,1
154510,909,2
154514,909,2
154523,909,2
154524,909,2
154525,909,1
154527,909,1
154528,909,1
154529,909,1
154555,909,1
154574,909,5
154575,909,4
154577,909,129
154586,909,1
154593,909,1
154596,909,5
154603,909,1
154612,909,2
154613,909,1
154622,909,1
154644,909,1
154646,909,1
154649,909,5
154672,909,6
154680,909,2
154683,909,6
154684,909,1
154686,909,1
154690,909,10
154693,909,1
154713,909,2
154718,909,1
154721,909,2
154723,909,3
154730,909,2
154754,909,1
154768,909,1
154804,909,1
154808,909,1
154867,909,1
154870,909,1
154877,909,1
154932,909,1
154937,909,1
154942,909,18
154990,909,6
155000,909,1
155036,909,1
155047,909,2
155087,909,1
155094,909,2
155095,909,1
155125,909,2
155151,909,1
155269,909,1
155275,909,3
155280,909,2
155284,909,39
155288,909,3
155300,909,2
155304,909,1
155307,909,2
155308,909,1
155314,909,1
155320,909,1
155323,909,4
155327,909,4
155334,909,15
155341,909,1
155343,909,1
155347,909,1
155350,909,1
155352,909,3
155357,909,2
155358,909,1
155360,909,1
155364,909,2
155367,909,12
155368,909,2
155372,909,1
155376,909,1
155378,909,1
155389,909,1
155397,909,7
155398,909,5
155399,909,32
155400,909,76
155401,909,369
155402,909,67
155403,909,12
155404,909,171
155405,909,3
155406,909,294
155407,909,35
155408,909,7
155409,909,1
155410,909,2
155411,909,4
155412,909,2
155413,909,8
155414,909,1
155415,909,2
155416,909,7
155417,909,4
155418,909,2
155419,909,11
155420,909,4
155421,909,119
155422,909,4
155423,909,22
155424,909,3
155425,909,66
155426,909,5
155427,909,14
155428,909,12
155429,909,12
155430,909,2
155431,909,5
155432,909,19
155433,909,8
155434,909,369
155435,909,15
155436,909,9
155437,909,2
155438,909,2
155439,909,2
155440,909,7
155441,909,1281
155442,909,2
155443,909,13
155444,909,220
155445,909,2
155446,909,2
155447,909,2
155448,909,1
155449,909,2
155450,909,9
155451,909,27
155452,909,7
155502,909,2
155512,909,2
155514,909,4
155515,909,14
155516,909,2
155520,909,1
155522,909,3
155527,909,1
155530,909,1
155554,909,1
155566,909,1
155574,909,1
155577,909,1
155582,909,1
155624,909,1
155634,909,1
155638,909,2
155642,909,1
155656,909,1
155657,909,1
155662,909,1
155667,909,2
155670,909,1
155742,909,1
155758,909,3
155796,909,1
155822,909,4
155829,909,4
155835,909,3
155864,909,20
155865,909,10
155875,909,3
155877,909,1
155879,909,8
155880,909,1
155882,909,2
155892,909,40
155895,909,1
155897,909,7
155908,909,3
155912,909,47
155917,909,24
155925,909,1
155927,909,4
155933,909,1
155937,909,1
155939,909,4
155940,909,3
155941,909,1
155947,909,1
155952,909,4
155958,909,1
155966,909,11
155982,909,5
155986,909,1
155997,909,15
156003,909,2
156014,909,1
156018,909,9
156020,909,11
156039,909,1
156045,909,1
156047,909,1
156048,909,1
156059,909,2
156063,909,1
156104,909,1
156150,909,11
156158,909,1
156175,909,1
156188,909,1
156193,909,1
156205,909,1
156222,909,1
156226,909,2
156231,909,4
156233,909,1
156234,909,2
156267,909,11
156271,909,36
156272,909,2
156299,909,2
156301,909,1
156303,909,7
156314,909,1
156330,909,1
156331,909,1
156341,909,3
156343,909,2
156344,909,2
156358,909,1
156362,909,1
156363,909,1
156365,909,1
156366,909,2
156379,909,1
156380,909,7
156381,909,2
156383,909,2
156384,909,1
156385,909,1
156386,909,2
156387,909,3
156388,909,1
156389,909,20
156390,909,3
156391,909,1
156392,909,2
156393,909,8
156394,909,1
156397,909,2
156398,909,1
156399,909,2
156400,909,1
156401,909,23
156402,909,4
156404,909,7
156407,909,14
156408,909,1
156409,909,1
156410,909,1
156411,909,8
156413,909,3
156414,909,1
156417,909,1
156418,909,1
156419,909,2
156421,909,8
156422,909,4
156424,909,4
156425,909,1
156426,909,1
156427,909,2
156428,909,11
156430,909,1
156432,909,2
156433,909,1
156434,909,1
156436,909,5
156438,909,5
156439,909,5
156443,909,1
156446,909,2
156447,909,3
156448,909,1
156449,909,3
156450,909,2
156473,909,1
156487,909,1
156552,909,1
156580,909,1
156597,909,3
156609,909,8
156612,909,1
156622,909,7
156631,909,1
156633,909,4
156651,909,1
156680,909,2
156684,909,1
156685,909,1
156710,909,3
156718,909,1
156720,909,1
156723,909,1
156727,909,1
156729,909,78
156733,909,1
156734,909,2
156736,909,1
156746,909,37
156750,909,1
156751,909,2
156752,909,1
156754,909,1
156755,909,2
156765,909,1
156768,909,4
156771,909,3
156777,909,24
156784,909,26
156792,909,3
156794,909,3
156800,909,4
156802,909,1
156803,909,1
156807,909,9
156810,909,1
156811,909,1
156812,909,2
156816,909,1
156817,909,3
156818,909,1
156819,909,7
156820,909,5
156821,909,1
156824,909,4
156829,909,2
156830,909,1
156831,909,1
156834,909,1
156835,909,4
156838,909,1
156839,909,1
156840,909,1
156842,909,1
156843,909,2
156845,909,1
156871,909,1
156882,909,5
156884,909,1
156885,909,1
156897,909,1
156900,909,1
156902,909,1
156925,909,1
156960,909,2
156964,909,3
156977,909,1
156982,909,6
156984,909,1
156987,909,1
156992,909,4
156997,909,2
157004,909,1
157006,909,1
157007,909,1
157020,909,3
157034,909,2
157046,909,1
157047,909,2
157051,909,1
157060,909,2
157078,909,2
157087,909,1
157089,909,1
157091,909,1
157092,909,2
157093,909,1
157151,909,1
157160,909,2
157169,909,2
157173,909,1
157174,909,10
157176,909,4
157186,909,1
157192,909,2
157208,909,7
157214,909,2
157219,909,2
157221,909,1
157237,909,2
157244,909,1
157245,909,1
157252,909,4
157254,909,2
157256,909,1
157264,909,8
157277,909,1
157306,909,1
157311,909,1
157326,909,5
157343,909,2
157344,909,1
157346,909,1
157349,909,1
157374,909,3
157378,909,1
157381,909,5
157382,909,1
157383,909,13
157390,909,1
157399,909,4
157403,909,1
157404,909,2
157405,909,1
157408,909,2
157414,909,3
157415,909,1
157416,909,1
157419,909,4
157424,909,183
157430,909,42
157437,909,3
157438,909,1
157439,909,3
157445,909,3
157448,909,1
157451,909,1
157456,909,6
157458,909,4
157459,909,6
157461,909,1
157462,909,4
157464,909,1
157466,909,3
157473,909,1
157477,909,5
157478,909,4
157479,909,1
157481,909,1
157482,909,1
157483,909,2
157498,909,1
157506,909,1
157508,909,1
157513,909,4
157524,909,2
157542,909,37
157543,909,31
157545,909,887
157554,909,1
157560,909,4
157563,909,1
157564,909,1
157568,909,1
157569,909,4
157570,909,1
157571,909,1
157572,909,35
157575,909,1
157580,909,4
157584,909,1
157585,909,1
157587,909,1
157588,909,1
157615,909,1
157646,909,2
157664,909,3
157670,909,1
157673,909,2
157674,909,1
157680,909,4
157682,909,1
157700,909,1
157705,909,1
157708,909,1
157710,909,1
157716,909,1
157803,909,1
157804,909,1
157822,909,1
157842,909,1
157851,909,1
157853,909,1
157861,909,2
157863,909,2
157868,909,1
157886,909,4
157889,909,1
157892,909,2
157899,909,3
157902,909,1
157906,909,1
157944,909,2
157949,909,1
157955,909,20
158012,909,2
158045,909,1
158056,909,1
158097,909,1
158131,909,3
158142,909,1
158157,909,2
158166,909,1
158171,909,1
158177,909,1
158181,909,14
158191,909,3
158196,909,1
158282,909,1
158299,909,1
158318,909,1
158324,909,7
158326,909,1
158329,909,5
158331,909,1
158332,909,1
158333,909,86
158337,909,7
158338,909,1
158349,909,3
158350,909,1
158353,909,1
158356,909,5
158357,909,2
158362,909,1
158363,909,2
158365,909,1
158369,909,3
158372,909,9
158379,909,8
158384,909,1
158386,909,33
158395,909,2
158397,909,2
158401,909,1
158404,909,3
158406,909,6
158407,909,1
158411,909,4
158412,909,1
158414,909,2
158415,909,1
158419,909,5
158422,909,26
158423,909,4
158427,909,3
158432,909,2
158434,909,2
158437,909,1
158438,909,1
158440,909,1
158441,909,1
158442,909,1
158445,909,1
158447,909,1
158450,909,3
158451,909,7
158452,909,32
158453,909,6
158454,909,1
158455,909,15
158456,909,25
158457,909,3
158458,909,1
158459,909,1
158460,909,10
158461,909,2
158462,909,6
158463,909,1
158464,909,1
158465,909,1
158466,909,2
158467,909,1
158468,909,32
158469,909,1
158470,909,1
158471,909,110
158472,909,1
158473,909,19
158474,909,1
158475,909,2
158500,909,4
158535,909,1
158538,909,4
158546,909,1
158557,909,1
158563,909,2
158569,909,1
158574,909,4
158578,909,2
158588,909,3
158601,909,1
158617,909,1
158627,909,1
158628,909,1
158638,909,2
158648,909,2
158654,909,4
158658,909,3
158673,909,3
158674,909,2
158690,909,1
158695,909,2
158701,909,9
158702,909,9
158705,909,1
158713,909,3
158714,909,9
158720,909,13
158728,909,1
158794,909,1
158804,909,3
158806,909,3
158807,909,2
158826,909,1
158829,909,3
158837,909,1
158857,909,1
158865,909,1
158874,909,9
158898,909,1
158905,909,1
158914,909,1
158919,909,3
158925,909,1
158927,909,1
158931,909,1
158941,909,1
158947,909,1
158948,909,12
158976,909,3
158985,909,8
158993,909,7
158994,909,2
158998,909,1
159000,909,2
159004,909,3
159018,909,3
159026,909,1
159027,909,1
159042,909,1
159045,909,1
159046,909,2
159051,909,3
159052,909,2
159053,909,6
159054,909,11
159055,909,2
159057,909,1
159074,909,2
159078,909,2
159080,909,356
159081,909,184
159082,909,7
159083,909,4
159085,909,1
159086,909,1
159088,909,1
159089,909,8
159091,909,2
159092,909,1
159094,909,52
159095,909,1
159098,909,14
159099,909,5
159100,909,152
159102,909,10
159103,909,9
159104,909,30
159105,909,7
159107,909,1
159109,909,3
159110,909,1
159111,909,7
159112,909,1
159113,909,3
159114,909,2
159115,909,718
159116,909,2
159118,909,1
159121,909,20
159123,909,125
159124,909,2
159125,909,2
159127,909,3
159129,909,1
159130,909,1
159132,909,1
159133,909,1
159135,909,62
159138,909,1
159142,909,850
159143,909,1
159145,909,1
159146,909,1
159148,909,433
159149,909,2
159151,909,8
159152,909,1
159153,909,1
159159,909,9
159163,909,64
159164,909,4
159167,909,1
159169,909,7
159170,909,4
159172,909,20
159177,909,2
159178,909,15
159179,909,2
159180,909,74
159181,909,63
159182,909,11
159183,909,1
159184,909,2
159187,909,2
159190,909,10
159191,909,3
159193,909,2
159194,909,1
159195,909,63
159202,909,16
159204,909,3
159205,909,36
159206,909,1
159208,909,1
159209,909,2
159210,909,1
159211,909,4
159215,909,2
159216,909,1
159218,909,2
159232,909,1
159233,909,113
159241,909,2
159243,909,1
159246,909,1
159249,909,2
159250,909,1
159251,909,50
159253,909,2
159255,909,9
159256,909,2
159261,909,1
159263,909,1
159265,909,1
159267,909,150
159275,909,16
159286,909,13
159290,909,88
159293,909,116
159296,909,1
159306,909,4
159307,909,1
159311,909,2
159314,909,6
159320,909,11
159321,909,1
159322,909,11
159323,909,12
159324,909,3
159326,909,1
159329,909,1
159330,909,3
159335,909,20
159339,909,6
159341,909,1
159346,909,2
159350,909,1
159351,909,1
159356,909,3
159358,909,5
159360,909,11
159361,909,10
159374,909,1
159375,909,3
159376,909,1
159377,909,7
159379,909,1
159390,909,3
159404,909,8
159412,909,1
159427,909,1
159473,909,1
159477,909,3
159480,909,1
159509,909,26
159511,909,88
159512,909,4
159513,909,1
159516,909,1
159521,909,1
159524,909,1
159531,909,141
159536,909,1
159537,909,4
159538,909,34
159540,909,1
159542,909,1
159544,909,452
159546,909,30
159547,909,7
159548,909,1
159549,909,1
159551,909,3
159552,909,1
159553,909,7
159554,909,1
159555,909,3
159557,909,1
159564,909,1
159565,909,7
159566,909,76
159569,909,1
159572,909,4
159575,909,7
159577,909,1
159578,909,1
159580,909,1
159581,909,3
159582,909,3
159583,909,18
159585,909,1
159587,909,2
159588,909,2
159591,909,2
159592,909,1
159594,909,1
159596,909,4
159597,909,2
159602,909,1
159604,909,5
159622,909,11
159625,909,2
159626,909,1
159627,909,1
159628,909,1
159632,909,16
159634,909,1
159636,909,2
159637,909,7
159640,909,1
159641,909,1
159642,909,16
159645,909,2
159648,909,13
159651,909,3
159652,909,1
159655,909,1
159656,909,1
159657,909,2
159658,909,1
159663,909,1
159664,909,87
159666,909,1
159668,909,1
159669,909,1
159671,909,1
159677,909,3
159682,909,1
159683,909,4
159687,909,1
159690,909,2
159691,909,1
159692,909,2
159698,909,1
159700,909,34
159704,909,1
159705,909,9
159706,909,5
159707,909,1
159708,909,1
159710,909,1
159712,909,6
159714,909,17
159715,909,3
159719,909,1
159722,909,1
159725,909,7
159728,909,1
159730,909,3
159731,909,1
159733,909,3
159735,909,1
159736,909,3
159737,909,3
159739,909,36
159740,909,9
159741,909,2
159742,909,11
159743,909,8
159744,909,3
159745,909,10
159746,909,16
159747,909,4
159748,909,103
159749,909,17
159750,909,5
159751,909,9
159752,909,1
159753,909,44
159754,909,4
159755,909,1
159756,909,1
159757,909,2
159758,909,11
159759,909,1
159760,909,4
159761,909,13
159762,909,7
159763,909,121
159764,909,20
159765,909,2
159766,909,35
159767,909,1
159768,909,2
159769,909,73
159770,909,6
159771,909,6
159772,909,7
159773,909,40
159774,909,1
159776,909,14
159777,909,3
159778,909,1
159779,909,1
159780,909,4
159781,909,5
159782,909,1
159783,909,8
159784,909,2
159785,909,43
159786,909,21
159787,909,2
159788,909,21
159789,909,1
159791,909,3
159792,909,6
159793,909,9
159795,909,58
159796,909,2
159797,909,3
159798,909,2
159800,909,10
159802,909,4
159803,909,3
159804,909,2
159805,909,27
159806,909,1
159807,909,24
159808,909,27
159809,909,2
159810,909,1
159811,909,2
159812,909,3
159813,909,1
159814,909,1
159815,909,9
159816,909,15
159817,909,5
159818,909,14
159819,909,12
159872,909,1
159880,909,18
159884,909,1
159901,909,1
159906,909,1
159919,909,2
159922,909,10
159926,909,1
159948,909,34
159955,909,1
159958,909,4
159960,909,1
159961,909,1
159963,909,112
159966,909,8
159967,909,2
159972,909,1
159974,909,2
159976,909,1
159978,909,87
159982,909,1
159992,909,8
159996,909,49
159998,909,5
160007,909,6
160008,909,1
160011,909,5
160014,909,2
160020,909,1
160022,909,3
160023,909,12
160030,909,1
160032,909,1
160034,909,2
160037,909,3
160043,909,24
160044,909,4
160045,909,1
160047,909,1
160051,909,1
160052,909,7
160058,909,8
160070,909,2
160073,909,2
160075,909,2
160080,909,5
160086,909,1
160087,909,3
160088,909,1
160095,909,11
160101,909,1
160107,909,1
160108,909,1
160125,909,1
160126,909,1
160130,909,1
160139,909,1
160157,909,1
160159,909,21
160160,909,2
160161,909,1
160164,909,1
160167,909,9
160168,909,2
160169,909,4
160170,909,1
160171,909,2
160172,909,7
160173,909,1
160176,909,9
160177,909,2
160178,909,638
160179,909,1
160181,909,4
160182,909,8
160183,909,16
160184,909,3
160185,909,11
160187,909,1
160189,909,1
160191,909,3
160192,909,1
160193,909,1
160194,909,1
160195,909,300
160196,909,1
160199,909,5
160200,909,14
160201,909,6
160203,909,6
160204,909,18
160205,909,1
160206,909,4
160207,909,1
160208,909,1
160210,909,2
160211,909,2
160213,909,3
160214,909,6
160217,909,32
160220,909,27
160222,909,4
160223,909,1
160226,909,198
160229,909,1
160231,909,1
160232,909,1
160233,909,211
160234,909,1
160236,909,2
160238,909,2
160241,909,26
160242,909,1
160243,909,27
160244,909,1
160248,909,4
160249,909,30
160251,909,11
160252,909,11
160253,909,2
160256,909,77
160259,909,6
160260,909,6
160261,909,18
160262,909,1
160264,909,2
160265,909,7
160266,909,28
160267,909,10
160268,909,57
160269,909,41
160270,909,8
160272,909,1
160273,909,30
160275,909,2
160277,909,1
160278,909,13
160279,909,4
160280,909,5
160282,909,1
160283,909,10
160284,909,35
160287,909,6
160288,909,12
160289,909,6
160290,909,3
160291,909,11
160292,909,17
160294,909,6
160348,909,1
160373,909,1
160379,909,2
160381,909,8
160382,909,5
160383,909,4
160395,909,3
160406,909,1
160408,909,1
160422,909,12
160426,909,3
160428,909,2
160433,909,3
160434,909,6
160437,909,86
160440,909,8
160442,909,10
160450,909,3
160451,909,1
160452,909,1
160453,909,3
160454,909,3
160461,909,10
160462,909,6
160463,909,3
160466,909,13
160469,909,9
160476,909,1
160477,909,2
160481,909,1
160505,909,1
160546,909,2
160549,909,2
160550,909,5
160552,909,1
160554,909,12
160555,909,1
160556,909,2
160558,909,1
160559,909,59
160560,909,1
160561,909,1
160562,909,1
160563,909,69
160566,909,6
160567,909,10
160568,909,2
160569,909,4
160572,909,1
160574,909,2
160576,909,1
160578,909,26
160579,909,1
160581,909,7
160584,909,1
160586,909,152
160587,909,3
160589,909,22
160593,909,1
160595,909,30
160600,909,96
160602,909,3
160604,909,1
160607,909,2
160609,909,64
160610,909,4
160611,909,1
160612,909,13
160615,909,4
160616,909,2
160617,909,26
160618,909,2
160620,909,33
160621,909,37
160622,909,3
160626,909,1
160630,909,13
160631,909,1
160632,909,7
160634,909,3
160636,909,2
160637,909,3
160638,909,74
160652,909,1
160654,909,11
160656,909,61
160665,909,8
160668,909,3
160672,909,22
160673,909,62
160677,909,4
160678,909,1
160679,909,18
160685,909,1
160688,909,1
160689,909,5
160690,909,66
160705,909,9
160707,909,2
160710,909,2
160711,909,1
160719,909,11
160723,909,45
160724,909,3
160732,909,1
160733,909,1
160734,909,1
160740,909,1
160742,909,4
160743,909,14
160744,909,1
160745,909,32
160748,909,17
160750,909,53
160751,909,16
160753,909,3
160754,909,9
160755,909,8
160757,909,2
160758,909,1
160760,909,2
160762,909,1
160766,909,12
160768,909,1
160771,909,2
160792,909,1
160822,909,2
160844,909,1
160873,909,2
160874,909,1
160882,909,3
160891,909,2
160895,909,1
160896,909,14
160898,909,6
160908,909,1
160914,909,3
160930,909,9
160936,909,3
160941,909,2
160943,909,2
160959,909,2
160966,909,1
160967,909,2
160974,909,5
160976,909,3
160978,909,1
160986,909,11
161000,909,1
161003,909,1
161011,909,1
161022,909,1
161023,909,2
161025,909,19
161028,909,1
161029,909,1
161033,909,1
161048,909,1
161062,909,3
161076,909,1
161077,909,1
161104,909,1
161117,909,1
161139,909,1
161147,909,1
161149,909,2
161153,909,5
161164,909,2
161175,909,44
161176,909,36
161178,909,1055
161186,909,1
161191,909,5
161193,909,1
161194,909,1
161197,909,2
161198,909,5
161199,909,2
161200,909,1
161201,909,42
161204,909,1
161208,909,4
161212,909,1
161213,909,1
161215,909,1
161216,909,1
161243,909,1
161252,909,1
161253,909,1
161254,909,6
161255,909,3
161259,909,4
161260,909,1
161261,909,1
161262,909,1
161263,909,1
161265,909,1
161268,909,1
161270,909,1
161271,909,1
161272,909,4
161274,909,2
161276,909,17
161285,909,1
161288,909,1
161289,909,54
161291,909,2
161292,909,1
161297,909,21
161298,909,1
161299,909,1
161300,909,51
161301,909,13
161302,909,1
161303,909,6
161305,909,3
161307,909,90
161309,909,1
161310,909,11
161311,909,3
161312,909,2
161315,909,1
161317,909,2
161319,909,1
161321,909,4
161324,909,1
161326,909,1
161327,909,1
161331,909,16
161332,909,1
161334,909,2
161336,909,13
161340,909,19
161342,909,25
161343,909,1
161345,909,2
161347,909,2
161348,909,2
161349,909,23
161350,909,1
161351,909,1
161352,909,3
161353,909,2
161354,909,1
161357,909,2
161358,909,1
161359,909,3
161360,909,2
161361,909,1
161365,909,3
161366,909,1
161367,909,1
161368,909,2
161369,909,1
161370,909,1
161371,909,2
161372,909,1
161373,909,5
161383,909,1
161427,909,1
161428,909,1
161442,909,1
161457,909,2
161461,909,4
161464,909,1
161466,909,1
161467,909,2
161469,909,1
161470,909,2
161472,909,2
161475,909,1
161478,909,1
161479,909,6
161481,909,7
161485,909,1
161486,909,2
161490,909,1
161491,909,1
161495,909,1
161497,909,1
161502,909,16
161505,909,4
161508,909,8
161510,909,1
161513,909,1
161515,909,9
161518,909,2
161519,909,1
161522,909,2
161524,909,2
161530,909,1
161547,909,1
161563,909,2
161571,909,1
161573,909,1
161575,909,8
161580,909,3
161586,909,100
161587,909,2
161625,909,1
161652,909,1
161654,909,1
161656,909,7
161659,909,10
161660,909,2
161666,909,5
161668,909,41
161671,909,1
161672,909,4
161673,909,1
161675,909,7
161677,909,1
161681,909,1
161683,909,1
161691,909,2
161700,909,2
161706,909,1
161711,909,3
161719,909,1
161745,909,1
161751,909,1
161752,909,3
161753,909,1
161810,909,4
161819,909,1
161847,909,1
161851,909,1
161852,909,1
161857,909,1
161860,909,3
161861,909,2
161877,909,1
161892,909,1
161896,909,1
161897,909,4
161898,909,1
161903,909,26
161904,909,1
161905,909,2
161907,909,1
161909,909,17
161911,909,2
161912,909,2
161913,909,304
161917,909,24
161918,909,3
161919,909,1
161925,909,1
161929,909,12
161930,909,2
161931,909,1
161932,909,2
161933,909,4
161934,909,2
161936,909,16
161937,909,6
161942,909,3
161943,909,6
161945,909,3
161946,909,2
161949,909,10
161952,909,32
161959,909,28
161960,909,2
161963,909,2
161964,909,2
161966,909,114
161972,909,1
161975,909,8
161977,909,8
161981,909,4
161983,909,1
161984,909,9
161986,909,19
161987,909,3
161988,909,1
161991,909,13
161992,909,5
161994,909,7
161995,909,3
161996,909,1
161999,909,18
162000,909,1
162001,909,1
162002,909,93
162003,909,16
162007,909,9
162012,909,7
162013,909,1
162014,909,6
162017,909,4
162018,909,2
162020,909,2
162021,909,4
162022,909,3
162023,909,1
162024,909,1
162025,909,5
162027,909,3
162033,909,3
162034,909,2
162035,909,12
162036,909,27
162037,909,132
162038,909,24
162039,909,4
162040,909,61
162041,909,1
162042,909,105
162043,909,13
162044,909,2
162045,909,1
162046,909,3
162047,909,1
162048,909,3
162049,909,2
162050,909,1
162051,909,4
162052,909,1
162053,909,42
162054,909,1
162055,909,8
162056,909,1
162057,909,24
162058,909,2
162059,909,5
162060,909,4
162061,909,4
162062,909,1
162063,909,2
162064,909,7
162065,909,3
162066,909,132
162067,909,5
162068,909,3
162069,909,1
162070,909,1
162071,909,3
162072,909,459
162073,909,5
162074,909,79
162075,909,1
162076,909,1
162077,909,1
162078,909,3
162079,909,10
162080,909,2
162126,909,1
162149,909,1
162153,909,4
162158,909,1
162167,909,3
162169,909,1
162170,909,1
162171,909,4
162172,909,146
162173,909,2
162174,909,1
162175,909,3
162176,909,2
162177,909,460
162178,909,53
162179,909,10
162180,909,2
162181,909,1
162182,909,3
162183,909,1
162184,909,6
162185,909,2
162186,909,2
162187,909,1
162188,909,9
162189,909,1
162190,909,5
162191,909,3
162192,909,1
162193,909,7
162194,909,31
162195,909,1
162196,909,2
162197,909,14
162198,909,1
162199,909,6
162200,909,2
162201,909,93
162202,909,7
162203,909,8
162204,909,3
162205,909,4
162206,909,11
162207,909,13
162208,909,2
162209,909,1
162210,909,2
162211,909,1
162212,909,1
162213,909,31
162214,909,8
162215,909,6
162216,909,2
162217,909,1
162218,909,1
162219,909,3
162220,909,6
162221,909,8
162222,909,4
162227,909,4
162266,909,1
162269,909,4
162278,909,1
162290,909,1
162296,909,2
162302,909,1
162307,909,4
162311,909,2
162321,909,3
162328,909,1
162331,909,4
162335,909,1
162339,909,2
162340,909,24
162343,909,1
162346,909,9
162353,909,6
162354,909,5
162356,909,2
162357,909,3
162362,909,1
162363,909,13
162364,909,10
162366,909,3
162368,909,4
162369,909,3
162370,909,8
162376,909,25
162377,909,25
162385,909,1
162386,909,1
162387,909,1
162388,909,1
162390,909,48
162393,909,1
162394,909,2
162396,909,2
162397,909,2
162398,909,2
162399,909,10
162401,909,56
162409,909,1
162410,909,96
162413,909,1
162414,909,2
162416,909,2
162417,909,62
162418,909,1
162419,909,1
162429,909,2
162438,909,4
162439,909,14
162445,909,19
162453,909,2
162471,909,7
162472,909,1
162481,909,32
162483,909,2
162484,909,1
162503,909,1
162506,909,3
162515,909,6
162517,909,1
162545,909,1
162549,909,2
162554,909,5
162562,909,4
162575,909,3
162576,909,1
162578,909,6
162598,909,16
162636,909,1
162647,909,1
162662,909,3
162689,909,1
162710,909,3
162712,909,5
162719,909,1
162784,909,2
162794,909,6
162803,909,5
162804,909,1
162809,909,1
162811,909,2
162818,909,3
162835,909,2
162848,909,1
162849,909,1
162867,909,1
162872,909,2
162877,909,3
162878,909,2
162879,909,5
162880,909,9
162881,909,1
162883,909,1
162904,909,1
162912,909,1
162913,909,6
162927,909,2
162928,909,1
162937,909,61
162939,909,1
162942,909,1
162946,909,1
162947,909,8
162948,909,2
162953,909,1
162955,909,1
162966,909,1
162967,909,8
162971,909,1
162972,909,1
162974,909,2
162975,909,2
162982,909,3
162984,909,1
162985,909,1
162987,909,1
162988,909,3
162991,909,3
162999,909,2
163006,909,4
163016,909,2
163018,909,3
163025,909,3
163027,909,4
163031,909,1
163033,909,11
163036,909,1
163038,909,25
163041,909,3
163042,909,9
163043,909,2
163044,909,1
163045,909,2
163047,909,1
163050,909,3
163055,909,1
163062,909,1
163066,909,1
163071,909,2
163085,909,1
163091,909,2
163108,909,1
163151,909,1
163152,909,1
163174,909,4
163176,909,1
163177,909,1
163178,909,10
163179,909,7
163180,909,4
163181,909,1
163184,909,1
163186,909,1
163187,909,56
163189,909,9
163190,909,1
163191,909,4
163192,909,8
163193,909,3
163196,909,13
163197,909,27
163198,909,1373
163200,909,1
163201,909,1
163202,909,3
163203,909,36
163204,909,32
163205,909,82
163207,909,4
163208,909,2
163209,909,6
163210,909,2
163211,909,18
163213,909,3
163214,909,6
163215,909,1
163216,909,7
163217,909,34
163218,909,1
163220,909,5
163221,909,15
163222,909,7
163224,909,9
163225,909,20
163226,909,1
163227,909,1
163231,909,3
163232,909,43
163234,909,7
163235,909,6
163237,909,10
163238,909,35
163241,909,39
163244,909,1
163245,909,1
163248,909,20
163254,909,9
163255,909,12
163261,909,3
163263,909,1
163264,909,28
163265,909,2
163266,909,30
163267,909,1
163270,909,1
163273,909,31
163275,909,16
163276,909,27
163279,909,4
163280,909,166
163281,909,2
163282,909,1
163283,909,9
163284,909,1
163285,909,797
163286,909,10
163288,909,25
163289,909,31
163290,909,39
163291,909,1
163292,909,7
163293,909,8
163294,909,18
163295,909,1
163296,909,1
163297,909,30
163299,909,4
163301,909,1
163302,909,23
163303,909,5
163305,909,5
163307,909,9
163308,909,8
163309,909,1
163312,909,10
163313,909,13
163314,909,2
163315,909,5
163316,909,12
163317,909,18
163319,909,3
163329,909,2
163373,909,1
163459,909,2
163461,909,1
163501,909,1
163620,909,1
163665,909,2
163695,909,1
163734,909,1
163748,909,3
163750,909,1
163766,909,1
163781,909,2
163787,909,1
163792,909,1
163810,909,1
163824,909,1
163826,909,1
163836,909,3
163931,909,1
163971,909,6
163982,909,1
164029,909,2
164082,909,1
164118,909,1
164133,909,1
164156,909,7
164166,909,1
164171,909,1
164185,909,5
164193,909,1
164194,909,4
164198,909,1
164200,909,1
164209,909,1
164210,909,6
164215,909,1
164221,909,1
164222,909,1
164224,909,1
164226,909,1
164229,909,1
164236,909,1
164248,909,1
164249,909,3
164252,909,3
164257,909,36
164259,909,1
164260,909,1
164261,909,8
164262,909,1
164264,909,1
164284,909,3
164306,909,1
164307,909,1
164323,909,2
164332,909,7
164356,909,1
164371,909,1
164374,909,9
164379,909,4
164556,909,1
164586,909,2
164587,909,1
164593,909,4
164595,909,1
164599,909,1
164608,909,1
164611,909,4
164616,909,1
164628,909,1
164634,909,4
164640,909,7
164655,909,6
164656,909,1
164662,909,1
164664,909,1
164670,909,6
164672,909,2
164675,909,50
164676,909,4
164679,909,1
164682,909,9
164693,909,43
164697,909,8
164708,909,1
164718,909,1
164732,909,1
164736,909,1
164745,909,1
164750,909,7
164758,909,1
164765,909,1
164777,909,1
164778,909,2
164785,909,5
164792,909,1
164797,909,9
164798,909,1
164802,909,3
164813,909,6
164822,909,2
164823,909,1
164836,909,1
164841,909,1
164847,909,5
164848,909,4
164918,909,1
164924,909,1
164956,909,3
164960,909,1
164980,909,2
165008,909,1
165010,909,3
165020,909,10
165030,909,8
165031,909,2
165036,909,1
165038,909,2
165047,909,4
165064,909,3
165065,909,1
165079,909,1
165080,909,1
165097,909,1
165099,909,1
165103,909,1
165104,909,3
165109,909,4
165110,909,2
165112,909,7
165113,909,14
165114,909,2
165116,909,1
165121,909,1
165137,909,2
165142,909,5
165143,909,2
165153,909,1
165157,909,2
165170,909,9
165174,909,2
165185,909,1
165188,909,11
165193,909,6
165200,909,1
165211,909,1
165212,909,1
165224,909,1
165254,909,1
165259,909,1
165260,909,2
165270,909,24
165285,909,11
165289,909,2
165300,909,31
165306,909,3
165317,909,3
165321,909,18
165323,909,24
165334,909,1
165342,909,1
165347,909,2
165349,909,2
165350,909,3
165351,909,1
165357,909,1
165361,909,4
165365,909,1
165372,909,1
165377,909,1
165385,909,2
165389,909,4
165392,909,8
165394,909,7
165410,909,1
165411,909,2
165413,909,5
165416,909,1
165438,909,1
165443,909,1
165457,909,22
165458,909,2
165463,909,16
165473,909,2
165474,909,328
165477,909,1
165478,909,6
165487,909,76
165490,909,1
165491,909,1
165496,909,5
165500,909,1
165505,909,3
165509,909,1
165510,909,23
165512,909,1
165520,909,2
165524,909,3
165526,909,1
165528,909,1
165530,909,1
165531,909,1
165537,909,2
165540,909,1
165542,909,10
165543,909,4
165544,909,2
165552,909,309
165553,909,1
165554,909,3
165556,909,1
165558,909,4
165559,909,1
165562,909,3
165563,909,41
165564,909,10
165569,909,7
165570,909,1
165571,909,6
165577,909,1
165582,909,3
165583,909,41
165586,909,2
165587,909,7
165588,909,3
165590,909,11
165591,909,9
165593,909,1
165597,909,1
165598,909,14
165600,909,5
165601,909,3
165603,909,6
165604,909,16
165607,909,14
165615,909,10
165619,909,1
165621,909,1
165622,909,18
165629,909,1
165632,909,1
165633,909,13
165636,909,13
165640,909,1
165643,909,1
165644,909,14
165646,909,19
165650,909,4
165652,909,54
165653,909,2
165655,909,5
165656,909,1
165657,909,125
165658,909,2
165661,909,16
165662,909,48
165663,909,10
165664,909,3
165665,909,8
165666,909,2
165667,909,3
165670,909,14
165672,909,1
165675,909,3
165676,909,2
165678,909,2
165679,909,1
165681,909,1
165682,909,3
165685,909,1
165686,909,6
165687,909,1
165688,909,1
165691,909,8
165696,909,12
165697,909,39
165698,909,2
165710,909,24
165718,909,1
165719,909,6
165726,909,76
165728,909,5
165729,909,1
165734,909,1
165736,909,1
165750,909,1
165751,909,13
165757,909,1
165760,909,1
165766,909,1
165769,909,3
165785,909,1
165794,909,1
165811,909,58
165812,909,1
165814,909,11
165816,909,8
165817,909,5
165818,909,3
165820,909,1
165823,909,1
165824,909,80
165825,909,1
165826,909,5
165827,909,2
165828,909,10
165830,909,36
165832,909,1
165833,909,5
165834,909,4
165835,909,82
165836,909,1
165837,909,1
165839,909,12
165840,909,1
165842,909,68
165851,909,17
165852,909,5
165853,909,1
165856,909,3
165857,909,3
165859,909,11
165860,909,7
165862,909,1
165864,909,1
165865,909,6
165866,909,444
165868,909,5
165869,909,2
165871,909,4
165872,909,7
165875,909,5
165878,909,1
165883,909,14
165884,909,1
165887,909,1
165888,909,2
165889,909,5
165890,909,22
165891,909,1
165897,909,7
165899,909,1
165901,909,8
165902,909,5
165903,909,10
165907,909,2
165909,909,1
165910,909,1
165911,909,6
165913,909,174
165915,909,1
165917,909,3
165919,909,47
165920,909,26
165922,909,6
165923,909,3
165925,909,6
165929,909,2
165930,909,33
165932,909,89
165933,909,15
165934,909,2
165935,909,1
165937,909,3
165940,909,3
165941,909,1
165942,909,1
165944,909,36
165948,909,5
165950,909,13
165951,909,6
165952,909,1
165953,909,13
165955,909,1
165956,909,5
165958,909,15
165960,909,35
165988,909,2
165997,909,8
166003,909,1
166008,909,30
166009,909,3
166013,909,1
166015,909,2
166026,909,1
166027,909,18
166030,909,1
166034,909,1
166040,909,3
166045,909,3
166046,909,1
166049,909,5
166056,909,2
166062,909,2
166071,909,1
166072,909,1
166074,909,1
166081,909,1
166083,909,2
166084,909,7
166087,909,2
166088,909,3
166091,909,2
166093,909,2
166094,909,1
166096,909,9
166097,909,11
166098,909,3
166100,909,1
166105,909,1
166110,909,1
166122,909,2
166123,909,1
166134,909,1
166141,909,1
166142,909,33
166146,909,1
166147,909,1
166148,909,2
166158,909,1
166166,909,1
166170,909,1
166171,909,1
166179,909,1
166181,909,1
166184,909,1
166186,909,1
166188,909,4
166193,909,19
166195,909,1
166196,909,1
166197,909,1
166204,909,1
166207,909,1
166221,909,3
166224,909,673
166225,909,2
166226,909,7
166227,909,2
166228,909,1
166230,909,1
166233,909,19
166235,909,3
166238,909,81
166239,909,1
166242,909,17
166243,909,11
166244,909,6
166245,909,2208
166246,909,9
166247,909,1
166248,909,159
166249,909,35
166250,909,5
166252,909,3
166253,909,1
166254,909,21
166255,909,6
166256,909,43
166258,909,8
166259,909,16
166260,909,9
166261,909,1711
166262,909,1
166264,909,1
166267,909,2
166269,909,24
166271,909,8
166273,909,1
166274,909,1
166275,909,2
166276,909,2
166279,909,1
166280,909,1
166281,909,1
166282,909,157
166284,909,2
166288,909,957
166293,909,1
166294,909,90
166295,909,7
166296,909,1
166297,909,8
166298,909,1
166300,909,1
166307,909,2
166312,909,127
166313,909,19
166316,909,1
166318,909,91
166319,909,7
166320,909,1
166321,909,49
166322,909,1
166323,909,5
166324,909,1
166326,909,2
166327,909,15
166328,909,3
166329,909,49
166330,909,240
166331,909,8
166332,909,2
166333,909,7
166336,909,2
166339,909,22
166340,909,4
166342,909,10
166343,909,2
166344,909,41
166346,909,1
166350,909,59
166352,909,3
166358,909,3
166360,909,1
166361,909,4
166365,909,276
166366,909,26
166368,909,30
166369,909,2
166371,909,11
166373,909,5
166374,909,195
166375,909,13
166377,909,1
166378,909,1
166381,909,31
166382,909,1
166384,909,9
166385,909,1
166386,909,1
166388,909,4
166434,909,4
166442,909,2
166444,909,1
166447,909,1
166451,909,2
166453,909,122
166456,909,1
166457,909,2
166458,909,3
166459,909,1
166460,909,2
166466,909,1
166470,909,58
166474,909,1
166475,909,3
166476,909,1
166478,909,1
166479,909,3
166481,909,1
166488,909,1
166489,909,1
166492,909,6
166495,909,5
166497,909,1
166501,909,38
166508,909,40
166516,909,5
166518,909,5
166523,909,1
166524,909,6
166526,909,2
166527,909,2
166531,909,15
166534,909,1
166535,909,1
166536,909,3
166540,909,1
166541,909,5
166542,909,2
166543,909,11
166544,909,8
166545,909,2
166548,909,6
166553,909,3
166554,909,1
166555,909,1
166558,909,2
166559,909,7
166561,909,1
166562,909,2
166563,909,1
166564,909,1
166565,909,2
166566,909,3
166568,909,1
166569,909,1
166574,909,6
166584,909,7
166594,909,3
166595,909,6
166599,909,1
166600,909,1
166602,909,2
166613,909,1
166620,909,1
166628,909,3
166630,909,1
166633,909,2
166637,909,2
166644,909,2
166650,909,1
166651,909,2
166671,909,1
166672,909,2
166677,909,4
166680,909,6
166682,909,27
166683,909,1
166685,909,8
166686,909,2
166687,909,5
166689,909,1
166690,909,1
166691,909,1
166699,909,1
166712,909,2
166732,909,2
166733,909,2
166734,909,1
166751,909,1
166774,909,1
166783,909,1
166786,909,9
166788,909,1
166789,909,1
166802,909,1
166803,909,1
166806,909,1
166808,909,1
166859,909,1
166860,909,1
166863,909,1
166868,909,5
166887,909,1
166897,909,7
166909,909,1
166921,909,1
166923,909,1
166927,909,1
166930,909,3
166931,909,1
166935,909,1
166936,909,1
166942,909,1
166948,909,1
166953,909,1
166956,909,1
166958,909,1
166961,909,1
166962,909,5
166965,909,1
166966,909,6
166967,909,14
166969,909,3
166972,909,1
166973,909,33
166974,909,3
166975,909,5
166976,909,1
166977,909,4
166979,909,159
166980,909,1
166983,909,2
166984,909,1
166985,909,186
166987,909,1
166989,909,16
166990,909,26
166991,909,5
166992,909,11
166994,909,1
166996,909,3
166997,909,1
166998,909,5
166999,909,1
167000,909,2
167001,909,1
167002,909,70
167003,909,2
167007,909,18
167011,909,1
167012,909,1
167014,909,407
167015,909,9
167017,909,58
167025,909,1
167028,909,1
167030,909,80
167031,909,1
167033,909,1
167034,909,1
167035,909,1
167037,909,256
167038,909,1
167041,909,7
167043,909,2
167047,909,6
167049,909,171
167050,909,11
167051,909,3
167055,909,34
167056,909,1
167059,909,9
167061,909,5
167063,909,69
167064,909,5
167066,909,89
167067,909,99
167068,909,8
167073,909,2
167075,909,1
167076,909,1
167078,909,34
167079,909,2
167080,909,18
167082,909,9
167084,909,1
167085,909,5
167087,909,8
167089,909,197
167127,909,1
167137,909,1
167139,909,8
167148,909,1
167155,909,3
167156,909,8
167160,909,1
167162,909,2
167172,909,1
167173,909,8
167188,909,1
167202,909,1
167207,909,6
167227,909,1
167228,909,2
167230,909,4
167233,909,2
167235,909,7
167236,909,2
167239,909,1
167240,909,1
167251,909,2
167344,909,1
167409,909,41
167414,909,2
167420,909,1
167444,909,1
167458,909,3
167460,909,1
167478,909,1
167494,909,2
167501,909,1
167506,909,1
167525,909,1
167540,909,1
167542,909,1
167552,909,3
167568,909,1
167570,909,141
167572,909,2
167573,909,1
167578,909,3
167580,909,1
167581,909,1
167583,909,22
167586,909,1
167587,909,1
167588,909,417
167592,909,43
167593,909,10
167594,909,2
167596,909,1
167598,909,9
167599,909,2
167600,909,13
167601,909,2
167602,909,5
167604,909,34
167607,909,1
167608,909,7
167609,909,1
167611,909,1
167617,909,26
167618,909,201
167619,909,1
167622,909,16
167626,909,14
167627,909,1
167630,909,1
167635,909,31
167636,909,3
167639,909,29
167640,909,2
167642,909,8
167644,909,2
167648,909,1
167649,909,2
167650,909,4
167652,909,1
167654,909,1
167656,909,1
167657,909,3
167659,909,3
167661,909,1
167664,909,13
167721,909,1
167745,909,5
167759,909,1
167783,909,4
167796,909,1
167891,909,1
167895,909,1
167899,909,1
167901,909,2
167906,909,6
167917,909,3
167935,909,53
167937,909,44
167939,909,1267
167948,909,1
167952,909,1
167954,909,6
167957,909,1
167958,909,1
167962,909,2
167963,909,6
167964,909,2
167965,909,1
167966,909,50
167969,909,2
167974,909,5
167978,909,1
167979,909,1
167981,909,1
167982,909,1
168023,909,1
168036,909,1
168067,909,109
168068,909,65
168077,909,2
168079,909,1
168080,909,3
168084,909,1
168085,909,1
168086,909,68
168087,909,25
168088,909,1
168090,909,15
168091,909,11
168094,909,1
168096,909,19
168097,909,2
168098,909,11
168099,909,2
168100,909,4
168102,909,1
168106,909,23
168107,909,1
168108,909,1
168119,909,20
168120,909,11
168124,909,68
168125,909,2
168127,909,42
168128,909,1
168130,909,1
168131,909,317
168132,909,1
168138,909,8
168139,909,1
168142,909,3
168143,909,1
168145,909,6
168151,909,3
168153,909,4
168154,909,1
168155,909,1
168157,909,1
168161,909,3
168163,909,3
168165,909,17
168170,909,8
168172,909,94
168174,909,3
168176,909,2
168177,909,1
168178,909,1
168182,909,37
168183,909,2
168184,909,1
168185,909,90
168186,909,23
168187,909,2
168188,909,10
168189,909,1
168191,909,6
168193,909,158
168196,909,2
168197,909,19
168198,909,4
168199,909,4
168201,909,1
168203,909,2
168204,909,1
168205,909,4
168206,909,1
168207,909,2
168209,909,7
168211,909,1
168212,909,2
168213,909,1
168215,909,2
168216,909,2
168222,909,28
168224,909,1
168225,909,1
168226,909,3
168230,909,1
168232,909,22
168234,909,1
168239,909,33
168241,909,44
168242,909,3
168243,909,1
168244,909,3
168250,909,3
168251,909,3
168253,909,39
168254,909,1
168255,909,1
168256,909,5
168259,909,4
168261,909,2
168263,909,1
168265,909,4
168266,909,1
168267,909,5
168270,909,3
168272,909,1
168274,909,1
168277,909,6
168278,909,1
168279,909,1
168281,909,4
168282,909,1
168283,909,2
168284,909,3
168285,909,2
168287,909,9
168318,909,2
168342,909,1
168384,909,1
168388,909,1
168407,909,1
168411,909,2
168413,909,4
168420,909,3
168427,909,15
168431,909,11
168433,909,7
168445,909,1
168450,909,1
168457,909,3
168459,909,16
168474,909,4
168476,909,1
168483,909,1
168488,909,2
168493,909,1
168494,909,1
168497,909,1
168500,909,1
168503,909,1
168509,909,1
168510,909,3
168512,909,4
168518,909,1
168540,909,10
168543,909,3
168546,909,5
168549,909,1
168555,909,5
168558,909,1
168559,909,1
168563,909,1
168566,909,1
168601,909,1
168628,909,2
168636,909,1
168638,909,2
168640,909,1
168644,909,1
168645,909,2
168646,909,3
168671,909,1
168682,909,1
168684,909,1
168686,909,6
168692,909,3
168700,909,73
168704,909,1
168723,909,1
168731,909,1
168732,909,1
168746,909,1
168748,909,1
168765,909,1
168768,909,1
168794,909,17
168797,909,1
168803,909,1
168805,909,1
168806,909,3
168829,909,1
168833,909,4
168836,909,1
168837,909,2
168838,909,11
168840,909,2
168843,909,1
168844,909,10
168845,909,1
168846,909,2
168847,909,134
168850,909,2
168851,909,4
168852,909,200
168854,909,2
168855,909,1
168856,909,33
168857,909,7
168858,909,1
168860,909,1
168862,909,4
168863,909,1
168864,909,9
168865,909,2
168866,909,3
168867,909,1
168868,909,90
168869,909,1
168870,909,2
168871,909,816
168872,909,8
168873,909,3
168874,909,1
168876,909,1
168877,909,1
168881,909,13
168884,909,1
168886,909,87
168891,909,24
168892,909,3
168894,909,1
168896,909,1
168898,909,1
168900,909,144
168901,909,3
168902,909,19
168904,909,9
168905,909,3
168907,909,4
168909,909,1
168912,909,1
168913,909,29
168914,909,7
168915,909,16
168916,909,2
168917,909,5
168919,909,4
168921,909,1
168923,909,2
168924,909,2
168925,909,2
168927,909,4
168929,909,33
168930,909,3
168942,909,3
168949,909,1
168955,909,4
168965,909,1
168976,909,1
169004,909,1
169005,909,2
169012,909,1
169013,909,4
169014,909,2
169078,909,37
169079,909,5
169095,909,1
169150,909,3
169160,909,1
169178,909,2
169187,909,2
169203,909,2
169217,909,1
169239,909,1
169242,909,1
169247,909,13
169251,909,3
169274,909,1
169281,909,2
169284,909,1
169289,909,3
169294,909,2
169297,909,1
169298,909,1
169299,909,1
169302,909,3
169308,909,11
169312,909,6
169324,909,1
169326,909,1
169328,909,1
169336,909,16
169340,909,1
169341,909,1
169346,909,74
169355,909,1
169356,909,1
169359,909,1
169364,909,2
169367,909,1
169368,909,3
169376,909,1
169380,909,7
169388,909,2
169389,909,2
169395,909,1
169397,909,10
169398,909,1
169401,909,92
169408,909,40
169410,909,2
169414,909,2
169421,909,2
169423,909,1
169426,909,1
169477,909,2
169478,909,1
169484,909,12
169486,909,1
169490,909,8
169494,909,1
169495,909,1
169496,909,146
169500,909,12
169501,909,1
169513,909,6
169514,909,1
169515,909,1
169516,909,1
169517,909,2
169518,909,1
169520,909,8
169521,909,3
169526,909,1
169527,909,3
169529,909,1
169530,909,1
169533,909,5
169536,909,15
169543,909,13
169544,909,1
169547,909,1
169548,909,1
169550,909,55
169560,909,4
169562,909,4
169566,909,2
169568,909,1
169569,909,5
169571,909,9
169572,909,1
169577,909,6
169578,909,3
169580,909,4
169581,909,1
169582,909,1
169585,909,8
169588,909,45
169589,909,8
169593,909,4
169598,909,3
169599,909,1
169600,909,3
169603,909,2
169604,909,1
169606,909,1
169607,909,2
169608,909,2
169609,909,1
169611,909,3
169613,909,1
169691,909,1
169709,909,1
169733,909,1
169739,909,1
169754,909,1
169770,909,1
169775,909,9
169776,909,1
169782,909,2
169794,909,8
169816,909,2
169866,909,2
169900,909,1
169912,909,2
169917,909,1
169928,909,1
169942,909,1
169947,909,1
169959,909,1
169960,909,1
169969,909,1
169970,909,1
169981,909,3
169989,909,1
169991,909,3
169997,909,6
170002,909,4
170044,909,1
170045,909,1
170049,909,32
170054,909,1
170065,909,87
170068,909,294
170069,909,5
170071,909,1
170074,909,1
170077,909,1
170081,909,401
170086,909,4
170097,909,16
170099,909,1
170100,909,1
170123,909,2
170134,909,3
170266,909,1
170288,909,1
170308,909,3
170346,909,1
170374,909,4
170376,909,119
170389,909,17
170394,909,1
170398,909,5
170399,909,1
170402,909,5
170404,909,1
170414,909,5
170417,909,1
170420,909,1
170425,909,8
170426,909,1
170428,909,2
170429,909,1
170432,909,1
170442,909,1
170444,909,1
170450,909,1
170452,909,1
170453,909,4
170456,909,1
170460,909,2
170461,909,2
170462,909,6
170463,909,5
170464,909,1
170467,909,3
170470,909,1
170480,909,1
170484,909,1
170487,909,19
170489,909,112
170490,909,1
170491,909,9
170492,909,10
170493,909,4
170494,909,1
170495,909,1
170499,909,2
170500,909,308
170502,909,6
170503,909,1
170504,909,1
170505,909,11
170506,909,1
170509,909,4
170510,909,268
170511,909,62
170515,909,4
170516,909,48
170518,909,79
170525,909,1
170526,909,15
170527,909,129
170528,909,1
170529,909,3
170530,909,8
170531,909,3
170533,909,11
170534,909,10
170535,909,2
170537,909,1
170539,909,5
170540,909,14
170542,909,3
170543,909,3
170544,909,105
170545,909,18
170547,909,9
170553,909,11
170558,909,1
170559,909,28
170560,909,28
170563,909,1
170565,909,3
170567,909,6
170568,909,14
170571,909,15
170575,909,2
170577,909,1
170578,909,17
170580,909,37
170581,909,14
170582,909,1
170584,909,24
170586,909,84
170587,909,9
170589,909,3
170590,909,2
170591,909,123
170592,909,78
170594,909,226
170595,909,450
170596,909,64
170597,909,3
170598,909,27
170599,909,16
170600,909,7
170602,909,6
170603,909,16
170604,909,1
170607,909,2
170608,909,2
170609,909,16
170610,909,2
170613,909,2
170615,909,2
170616,909,6
170617,909,3
170618,909,1
170619,909,68
170620,909,9
170622,909,8
170624,909,21
170625,909,11
170634,909,3
170636,909,1
170638,909,9
170639,909,1
170640,909,1
170641,909,2
170650,909,43
170653,909,1
170654,909,7
170662,909,4
170664,909,50
170668,909,26
170673,909,1
170674,909,4
170679,909,1
170681,909,1
170683,909,4
170684,909,4
170685,909,1
170689,909,1
170693,909,4
170694,909,1
170698,909,1
170702,909,5
170703,909,21
170713,909,1
170714,909,200
170719,909,1
170722,909,4
170724,909,2
170727,909,3
170731,909,3
170732,909,1
170733,909,89
170734,909,1
170735,909,3
170737,909,16
170738,909,3
170743,909,1
170745,909,3
170746,909,1
170747,909,1
170749,909,265
170758,909,29
170760,909,1
170770,909,23
170772,909,1
170775,909,156
170780,909,206
170781,909,1
170783,909,2
170791,909,1
170795,909,7
170796,909,3
170800,909,4
170801,909,1
170803,909,10
170809,909,19
170810,909,1
170811,909,19
170812,909,22
170813,909,5
170815,909,1
170818,909,1
170820,909,5
170821,909,1
170823,909,1
170825,909,36
170829,909,11
170831,909,2
170833,909,1
170836,909,1
170838,909,2
170840,909,4
170841,909,8
170842,909,7
170846,909,1
170847,909,2
170849,909,5
170850,909,1
170855,909,1
170859,909,2
170862,909,13
170865,909,2
170872,909,1
170875,909,1
170877,909,30
170879,909,1
170882,909,1
170889,909,4
170892,909,1
170893,909,1
170896,909,1
170899,909,1
170900,909,2
170903,909,2
170905,909,3
170910,909,1
170913,909,8
170914,909,1
170918,909,7
170920,909,1
170921,909,3
170923,909,29
170924,909,12
170925,909,5
170926,909,1
170932,909,1
170933,909,894
170934,909,2
170935,909,7
170936,909,1
170937,909,2
170939,909,11
170940,909,2
170943,909,9
170944,909,118
170945,909,28
170946,909,1
170948,909,1
170949,909,1
170950,909,21
170951,909,2
170952,909,17
170954,909,1
170956,909,1
170958,909,1
170961,909,1
170963,909,10
170964,909,119
170967,909,7
170968,909,20
170969,909,8
170971,909,30
170972,909,26
170974,909,2
170976,909,1
170978,909,4
170979,909,42
170981,909,14
170982,909,8
170984,909,17
170985,909,45
170988,909,40
170996,909,29
171000,909,4
171001,909,1
171002,909,3
171003,909,52
171004,909,1
171006,909,1
171010,909,2
171012,909,3
171013,909,37
171014,909,1
171016,909,38
171017,909,1
171019,909,1
171020,909,2
171022,909,4
171023,909,41
171024,909,1
171025,909,54
171027,909,1
171029,909,10
171031,909,157
171032,909,6
171034,909,15
171035,909,3
171036,909,360
171037,909,5
171039,909,47
171040,909,138
171041,909,30
171042,909,8
171043,909,24
171044,909,6
171045,909,9
171046,909,1
171048,909,40
171050,909,4
171051,909,1
171052,909,1
171053,909,9
171054,909,6
171056,909,5
171057,909,2
171058,909,1
171059,909,2
171060,909,8
171063,909,3
171064,909,17
171065,909,2
171066,909,2
171068,909,1
171069,909,23
171071,909,1
171077,909,11
171082,909,37
171083,909,2
171114,909,147
171120,909,1
171122,909,4
171123,909,35
171125,909,1
171128,909,1
171130,909,472
171132,909,32
171133,909,7
171134,909,1
171136,909,1
171138,909,4
171139,909,1
171140,909,7
171141,909,1
171142,909,3
171144,909,1
171153,909,1
171154,909,7
171155,909,79
171158,909,1
171161,909,5
171164,909,7
171166,909,1
171167,909,1
171169,909,1
171170,909,4
171171,909,3
171173,909,19
171176,909,1
171178,909,2
171180,909,2
171183,909,2
171184,909,1
171187,909,1
171189,909,4
171190,909,2
171196,909,1
171198,909,5
171222,909,36
171223,909,1
171225,909,7
171226,909,5
171227,909,3
171228,909,2
171230,909,1
171231,909,50
171232,909,1
171233,909,3
171234,909,1
171235,909,6
171236,909,23
171239,909,3
171240,909,3
171241,909,51
171242,909,1
171243,909,1
171244,909,8
171245,909,1
171246,909,43
171247,909,10
171248,909,3
171251,909,2
171252,909,2
171253,909,7
171254,909,5
171256,909,1
171258,909,1
171259,909,4
171260,909,277
171262,909,3
171263,909,1
171264,909,2
171265,909,4
171266,909,3
171269,909,9
171270,909,1
171272,909,1
171273,909,1
171274,909,3
171275,909,14
171276,909,1
171278,909,5
171280,909,5
171281,909,3
171282,909,6
171283,909,1
171286,909,4
171287,909,108
171289,909,1
171290,909,2
171291,909,29
171292,909,16
171293,909,4
171294,909,2
171296,909,4
171297,909,1
171298,909,20
171299,909,55
171300,909,9
171301,909,1
171304,909,2
171307,909,2
171308,909,1
171309,909,1
171310,909,23
171311,909,3
171312,909,8
171313,909,4
171314,909,1
171315,909,8
171316,909,1
171317,909,3
171318,909,9
171324,909,3
171325,909,1
171333,909,13
171338,909,2
171342,909,46
171343,909,4
171347,909,2
171349,909,4
171358,909,1
171359,909,1
171360,909,27
171363,909,1
171366,909,1
171367,909,1
171372,909,4
171374,909,1
171377,909,5
171378,909,2
171381,909,8
171386,909,3
171392,909,3
171399,909,1
171400,909,2
171401,909,2
171408,909,2
171410,909,3
171411,909,11
171414,909,4
171415,909,4
171418,909,2
171420,909,3
171421,909,1
171422,909,14
171423,909,18
171424,909,5
171426,909,1
171427,909,1
171431,909,2
171434,909,2
171440,909,1
171443,909,1
171446,909,3
171447,909,1
171454,909,1
171455,909,1
171463,909,7
171465,909,1
171468,909,1
171470,909,2
171471,909,3
171472,909,165
171477,909,4
171478,909,4
171479,909,10
171481,909,1
171483,909,1
171485,909,2
171487,909,1
171489,909,1
171490,909,4
171492,909,1
171493,909,2
171494,909,1
171496,909,1
171497,909,2
171503,909,5
171504,909,1
171505,909,1
171506,909,1
171507,909,4
171508,909,5
171511,909,2
171514,909,1
171515,909,1
171522,909,3
171524,909,4
171531,909,4
171533,909,2
171534,909,3
171537,909,20
171540,909,1
171542,909,96
171543,909,1
171544,909,3
171545,909,4
171546,909,5
171548,909,1
171549,909,1
171550,909,2
171553,909,4
171558,909,3
171559,909,1
171560,909,1
171562,909,1
171563,909,1
171566,909,1
171567,909,2
171569,909,1
171570,909,1
171571,909,2
171574,909,19
171576,909,1
171577,909,2
171581,909,61
171583,909,4
171584,909,1
171587,909,1
171589,909,1
171593,909,47
171594,909,1
171596,909,4
171597,909,26
171598,909,2
171601,909,4
171602,909,1
171603,909,3
171605,909,1
171609,909,1
171610,909,7
171613,909,1
171616,909,1
171617,909,2
171619,909,1
171621,909,1
171623,909,13
171627,909,9
171628,909,39
171634,909,1
171638,909,6
171641,909,1
171647,909,66
171649,909,27
171654,909,20
171656,909,11
171661,909,2
171664,909,1
171665,909,1
171666,909,1
171667,909,4
171668,909,1
171669,909,1
171670,909,2
171671,909,1
171678,909,8
171680,909,1
171682,909,9
171685,909,10
171687,909,1
171688,909,67
171689,909,38
171693,909,1
171695,909,30
171702,909,1
171705,909,2
171706,909,11
171709,909,1
171712,909,4
171716,909,2
171719,909,1
171721,909,15
171723,909,4
171724,909,18
171725,909,2
171728,909,1363
171729,909,129
171731,909,149
171732,909,10
171734,909,53
171736,909,23
171737,909,963
171738,909,67
171740,909,3
171741,909,4
171742,909,2
171743,909,1
171744,909,153
171745,909,4
171747,909,43
171748,909,4
171749,909,4
171750,909,1
171751,909,18
171760,909,2
171764,909,42
171767,909,3
171784,909,1
171791,909,1
171793,909,7
171797,909,1
171800,909,2
171827,909,3
171832,909,1
171837,909,1
171841,909,1
171845,909,35
171847,909,1
171849,909,14
171850,909,2
171855,909,1
171857,909,2
171859,909,1
171861,909,2
171867,909,1
171879,909,4
171882,909,1
171883,909,11
171887,909,10
171889,909,1
171898,909,1
171899,909,3
171904,909,1
171906,909,6
171908,909,2
171912,909,1
171914,909,2
171919,909,1
171921,909,1
171924,909,1
171926,909,1
171936,909,3
171938,909,37
171939,909,3
171940,909,1
171943,909,1
171945,909,1
171946,909,15
171947,909,3
171948,909,8
171949,909,2
171950,909,4
171951,909,13
171952,909,2
171955,909,15
171956,909,4
171957,909,1106
171958,909,1
171959,909,1
171960,909,7
171961,909,15
171962,909,27
171963,909,6
171964,909,20
171966,909,1
171968,909,2
171969,909,1
171970,909,5
171971,909,1
171972,909,2
171973,909,1
171974,909,521
171975,909,1
171976,909,1
171978,909,9
171979,909,25
171980,909,10
171982,909,10
171983,909,32
171984,909,2
171985,909,7
171986,909,3
171987,909,1
171989,909,4
171990,909,4
171992,909,6
171993,909,10
171995,909,1
171996,909,56
171999,909,46
172001,909,7
172002,909,1
172006,909,343
172007,909,1
172009,909,1
172010,909,1
172011,909,1
172012,909,3
172013,909,366
172014,909,1
172016,909,4
172017,909,1
172018,909,3
172021,909,46
172022,909,2
172023,909,47
172024,909,1
172026,909,1
172029,909,7
172030,909,52
172031,909,1
172032,909,20
172033,909,19
172034,909,4
172038,909,134
172040,909,1
172041,909,11
172042,909,11
172043,909,31
172044,909,2
172046,909,3
172047,909,11
172048,909,49
172049,909,17
172050,909,99
172051,909,71
172052,909,14
172053,909,1
172054,909,2
172055,909,51
172057,909,3
172059,909,1
172060,909,23
172061,909,7
172063,909,8
172065,909,2
172066,909,18
172067,909,61
172070,909,10
172071,909,20
172072,909,10
172073,909,5
172075,909,19
172076,909,29
172078,909,11
172079,909,1
172083,909,7
172092,909,7
172102,909,3
172103,909,6
172107,909,1
172108,909,2
172109,909,1
172110,909,2
172121,909,1
172127,909,1
172135,909,4
172137,909,1
172140,909,2
172144,909,2
172150,909,2
172156,909,1
172157,909,2
172177,909,2
172178,909,3
172182,909,4
172185,909,7
172187,909,30
172188,909,1
172190,909,9
172191,909,3
172192,909,5
172194,909,1
172195,909,1
172196,909,1
172204,909,1
172216,909,2
172222,909,2
172225,909,1
172228,909,1
172229,909,3
172231,909,12
172232,909,9
172233,909,6
172237,909,1
172240,909,1
172241,909,1
172243,909,1
172246,909,4
172247,909,1
172261,909,1
172263,909,2
172277,909,3
172280,909,1
172281,909,1
172283,909,1
172284,909,2
172286,909,24
172287,909,2
172288,909,3
172292,909,1
172295,909,1
172296,909,1
172298,909,3
172299,909,2
172300,909,1
172301,909,4
172303,909,2
172311,909,3
172312,909,6
172315,909,2
172319,909,31
172320,909,1
172321,909,2
172322,909,1
172323,909,2
172325,909,26
172326,909,9
172331,909,69
172336,909,29
172337,909,3
172340,909,1
172343,909,1
172344,909,1
172345,909,9
172347,909,1
172349,909,7
172352,909,1
172354,909,25
172355,909,5
172356,909,17
172357,909,44
172360,909,1
172362,909,1
172363,909,1
172364,909,1
172366,909,1
172367,909,1
172368,909,1
172369,909,4
172370,909,4
172371,909,24
172372,909,2
172374,909,9
172376,909,2
172377,909,1
172378,909,1
172379,909,6
172380,909,18
172381,909,23
172383,909,20
172386,909,1
172387,909,4
172388,909,2
172390,909,6
172392,909,1
172393,909,9
172396,909,25
172397,909,1
172398,909,1
172399,909,5
172426,909,1
172430,909,2
172431,909,4
172433,909,1
172437,909,9
172438,909,1
172439,909,1
172441,909,1
172443,909,42
172446,909,1
172448,909,49
172451,909,4
172452,909,7
172453,909,1
172454,909,3
172458,909,1
172460,909,1
172462,909,1
172464,909,18
172469,909,5
172474,909,107
172475,909,2
172477,909,15
172489,909,21
172495,909,67
172498,909,2
172504,909,2
172506,909,45
172507,909,3
172508,909,1
172510,909,9
172514,909,2
172516,909,1
172518,909,18
172519,909,1
172521,909,23
172522,909,26
172523,909,2
172528,909,1
172532,909,9
172534,909,5
172536,909,2
172539,909,1
172540,909,2
172542,909,52
172549,909,1
172559,909,18
172566,909,44
172567,909,1
172572,909,1
172575,909,1
172576,909,7
172578,909,1
172579,909,2
172598,909,1
172600,909,1
172602,909,8
172604,909,44
172613,909,6
172616,909,2
172619,909,16
172620,909,44
172623,909,3
172624,909,1
172625,909,13
172634,909,4
172635,909,47
172647,909,6
172649,909,2
172652,909,1
172653,909,1
172658,909,8
172662,909,32
172663,909,2
172670,909,1
172671,909,1
172675,909,1
172677,909,3
172678,909,10
172679,909,1
172680,909,23
172683,909,12
172684,909,38
172685,909,12
172686,909,2
172687,909,7
172688,909,6
172690,909,2
172691,909,1
172693,909,2
172694,909,1
172696,909,9
172701,909,2
172734,909,1
172742,909,2
172749,909,3
172753,909,4
172760,909,1
172769,909,1
172774,909,1
172776,909,2
172786,909,1
172802,909,10
172804,909,3
172832,909,2
172839,909,3
172841,909,1
172868,909,1
172873,909,1
172875,909,4
172876,909,2
172886,909,8
172887,909,1
172893,909,1
172895,909,5
172899,909,2
172900,909,35
172901,909,1
172902,909,15
172908,909,1
172913,909,2
172914,909,1
172920,909,7
172927,909,1
172936,909,23
172943,909,6
172948,909,6
172949,909,1
172950,909,4
172956,909,1
172968,909,6
172975,909,4
172977,909,5
172984,909,12
172986,909,6
172987,909,1
172988,909,2
172989,909,1
172993,909,1
172996,909,28
173001,909,1
173002,909,1
173011,909,3
173013,909,46
173015,909,1
173019,909,1
173022,909,7
173026,909,137
173029,909,14
173030,909,3
173031,909,1
173033,909,3
173034,909,1
173035,909,4
173036,909,1
173037,909,2
173039,909,11
173041,909,2
173046,909,9
173047,909,66
173049,909,5
173051,909,5
173056,909,10
173057,909,1
173058,909,10
173059,909,1
173060,909,3
173062,909,1
173066,909,1
173067,909,1
173073,909,1
173075,909,1
173079,909,4
173082,909,16
173085,909,1
173086,909,1
173087,909,16
173088,909,3
173089,909,6
173090,909,3
173091,909,5
173093,909,5
173094,909,2
173096,909,42
173097,909,1
173098,909,2
173099,909,4
173101,909,90
173108,909,23
173110,909,2
173111,909,7
173112,909,3
173115,909,8
173116,909,2
173117,909,6
173118,909,2
173120,909,2
173121,909,17
173123,909,3
173125,909,15
173127,909,39
173128,909,379
173129,909,1
173130,909,13
173131,909,1
173132,909,13
173134,909,2
173137,909,2
173138,909,12
173139,909,2
173140,909,13
173144,909,9
173145,909,14
173147,909,1
173148,909,7
173150,909,183
173151,909,102
173152,909,18
173154,909,49
173155,909,1
173156,909,7
173158,909,55
173159,909,1
173161,909,14
173162,909,7
173163,909,2
173164,909,8
173165,909,2
173166,909,7
173170,909,1
173171,909,18
173172,909,5
173173,909,1
173174,909,6
173175,909,4
173176,909,8
173197,909,1
173200,909,1
173201,909,1
173202,909,13
173203,909,5
173204,909,6
173213,909,2
173228,909,1
173230,909,2
173231,909,5
173232,909,5
173241,909,3
173255,909,1
173261,909,4
173268,909,1
173269,909,2
173277,909,1
173282,909,1
173287,909,2
173292,909,2
173307,909,1
173312,909,1
173315,909,1
173316,909,2
173317,909,5
173335,909,1
173341,909,1
173346,909,1
173348,909,2
173350,909,4
173359,909,2
173367,909,38
173368,909,32
173370,909,914
173373,909,1
173377,909,4
173379,909,1
173380,909,1
173383,909,1
173384,909,5
173385,909,2
173386,909,1
173387,909,36
173390,909,1
173394,909,4
173398,909,1
173399,909,1
173400,909,1
173401,909,1
173419,909,28
173420,909,17
173424,909,1
173427,909,1
173430,909,18
173431,909,7
173433,909,4
173434,909,3
173438,909,5
173440,909,3
173442,909,1
173445,909,6
173452,909,5
173453,909,3
173454,909,18
173456,909,11
173459,909,82
173462,909,2
173464,909,1
173466,909,2
173469,909,1
173471,909,1
173477,909,1
173479,909,1
173481,909,4
173482,909,2
173484,909,22
173486,909,1
173492,909,9
173495,909,21
173496,909,5
173498,909,2
173500,909,1
173502,909,37
173505,909,5
173506,909,1
173507,909,1
173512,909,1
173516,909,2
173527,909,7
173530,909,1
173532,909,5
173537,909,8
173539,909,10
173540,909,1
173542,909,1
173544,909,1
173545,909,1
173546,909,9
173549,909,1
173550,909,1
173551,909,1
173554,909,1
173556,909,1
173557,909,1
173562,909,1
173565,909,1
173567,909,1
173568,909,1
173570,909,2
173576,909,2
173577,909,1
173578,909,9
173579,909,3
173589,909,2
173591,909,5
173592,909,2
173593,909,12
173595,909,4
173596,909,4
173601,909,2
173602,909,5
173613,909,1
173616,909,3
173618,909,44
173622,909,6
173623,909,1
173629,909,232
173630,909,1
173631,909,143
173632,909,4
173633,909,151
173634,909,25
173635,909,5
173636,909,2
173637,909,1
173640,909,1
173642,909,1
173643,909,146
173645,909,11
173646,909,2
173648,909,19
173649,909,9
173652,909,5
173653,909,716
173654,909,18
173655,909,1
173657,909,1
173658,909,4
173659,909,49
173660,909,2
173661,909,176
173665,909,1
173667,909,2
173668,909,1
173669,909,1
173670,909,4
173671,909,30
173672,909,305
173673,909,2
173675,909,1
173678,909,16
173679,909,1
173680,909,6
173682,909,5
173684,909,9
173685,909,9
173686,909,1
173687,909,9
173690,909,74
173691,909,2
173693,909,1
173694,909,142
173698,909,1
173702,909,24
173703,909,1
173706,909,1
173707,909,1
173708,909,176
173709,909,8
173710,909,4
173712,909,1
173714,909,3
173716,909,3
173719,909,31
173720,909,1
173723,909,1
173726,909,4
173730,909,1
173732,909,25
173733,909,85
173736,909,48
173738,909,453
173739,909,16
173740,909,2
173741,909,59
173743,909,477
173744,909,18
173747,909,361
173748,909,45
173749,909,46
173751,909,26
173752,909,1
173753,909,43
173754,909,5
173756,909,1
173758,909,12
173761,909,12
173763,909,7
173765,909,1
173766,909,2
173767,909,2
173771,909,1
173772,909,5
173775,909,2
173776,909,1
173778,909,16
173781,909,1
173782,909,3
173787,909,2
173791,909,10
173794,909,7
173795,909,5
173805,909,1
173809,909,1
173814,909,2
173816,909,11
173826,909,3
173828,909,1
173831,909,2
173836,909,1
173840,909,4
173843,909,1
173845,909,1
173846,909,1
173849,909,2
173851,909,2
173854,909,1
173857,909,1
173858,909,5
173860,909,6
173864,909,1
173865,909,2
173870,909,1
173874,909,1
173876,909,1
173881,909,15
173884,909,4
173887,909,7
173889,909,1
173892,909,1
173894,909,8
173897,909,2
173898,909,1
173901,909,2
173903,909,1
173909,909,1
173923,909,1
173928,909,1
173937,909,2
173943,909,1
173945,909,2
173947,909,1
173948,909,1
173949,909,2
173950,909,3
173955,909,1
173956,909,1
173964,909,2
173967,909,1
173970,909,6
173976,909,1
173978,909,3
173980,909,2
173981,909,1
173982,909,26
173987,909,11
173989,909,1
173992,909,1
173993,909,325
173994,909,5
173998,909,1
174003,909,1
174010,909,4
174018,909,4
174019,909,5
174023,909,1
174031,909,3
174033,909,3
174045,909,1
174048,909,2
174050,909,2
174053,909,1
174057,909,1
174069,909,1
174070,909,64
174072,909,1
174073,909,3
174075,909,1
174078,909,1
174079,909,4
174080,909,1
174081,909,3
174082,909,12
174092,909,1
174103,909,2
174106,909,1
174110,909,2
174111,909,1
174117,909,52
174121,909,3
174124,909,22
174125,909,4
174127,909,1
174128,909,2
174129,909,1
174130,909,69
174135,909,1
174139,909,1
174140,909,21
174143,909,1
174145,909,1
174146,909,1
174151,909,10
174152,909,5
174155,909,8
174156,909,2
174157,909,6
174159,909,2
174162,909,7
174163,909,4
174167,909,1
174168,909,1
174169,909,1
174174,909,1
174175,909,4
174176,909,9
174177,909,10
174178,909,31
174181,909,1
174184,909,9
174185,909,22
174186,909,72
174187,909,32
174189,909,1
174190,909,2
174191,909,1
174194,909,1
174196,909,1
174198,909,1
174204,909,1
174205,909,1
174207,909,4
174208,909,1
174223,909,8
174228,909,1
174232,909,2
174233,909,5
174238,909,35
174239,909,1
174240,909,1
174251,909,1
174257,909,1
174270,909,1
174272,909,1
174276,909,1
174282,909,1
174283,909,1
174300,909,1
174304,909,18
174307,909,2
174309,909,3
174311,909,2
174312,909,2
174313,909,1
174315,909,1
174317,909,1
174341,909,1
174345,909,1
174346,909,1
174348,909,1
174349,909,1
174354,909,1
174355,909,1
174356,909,1
174358,909,1
174359,909,380
174360,909,53
174363,909,1
174364,909,4
174367,909,5
174369,909,4
174370,909,1
174375,909,4
174384,909,1
174393,909,7
174395,909,1
174410,909,4
174413,909,1
174418,909,2
174428,909,3
174433,909,55
174437,909,1
174441,909,1
174447,909,11
174453,909,5
174455,909,2
174459,909,2
174460,909,1
174461,909,1
174467,909,30
174469,909,1
174472,909,1
174475,909,1
174476,909,7
174477,909,26
174480,909,1
174481,909,7
174482,909,1
174483,909,4
174491,909,1
174492,909,4
174493,909,35
174498,909,3
174499,909,1
174505,909,8
174506,909,6
174508,909,9
174509,909,1
174510,909,6
174514,909,6
174519,909,2
174520,909,2
174521,909,8
174527,909,1
174529,909,1
174534,909,1
174536,909,3
174537,909,20
174540,909,1
174541,909,20
174544,909,2
174546,909,215
174547,909,2
174548,909,5
174549,909,6
174550,909,49
174551,909,7
174552,909,3
174553,909,7
174556,909,1
174557,909,1
174561,909,2
174563,909,2
174567,909,1
174571,909,1
174573,909,16
174574,909,1
174575,909,1
174579,909,9
174582,909,3
174583,909,1
174587,909,13
174591,909,10
174594,909,3
174595,909,6
174596,909,3
174599,909,17
174603,909,1
174604,909,54
174605,909,30
174607,909,1
174613,909,5
174615,909,5
174616,909,1
174617,909,13
174618,909,3
174619,909,1
174620,909,3
174621,909,3
174622,909,2
174624,909,151
174626,909,3
174627,909,6
174628,909,9
174633,909,676
174635,909,1
174636,909,2
174638,909,3
174639,909,9
174640,909,5
174643,909,14
174645,909,1
174647,909,20
174650,909,5
174651,909,28
174655,909,1
174656,909,14
174659,909,64
174660,909,1
174664,909,2
174666,909,14
174667,909,14
174671,909,4
174672,909,6
174674,909,91
174675,909,11
174676,909,1
174677,909,842
174680,909,1
174682,909,365
174683,909,1
174684,909,21
174687,909,17
174689,909,2
174690,909,1
174691,909,18
174692,909,11
174693,909,4
174694,909,8
174698,909,5
174709,909,8
174710,909,5
174713,909,1
174717,909,10
174719,909,7
174720,909,10
174734,909,1
174735,909,1
174740,909,1
174770,909,2
174771,909,1
174774,909,1
174788,909,1
174792,909,1
174793,909,6
174794,909,2
174800,909,38
174801,909,1
174802,909,3
174803,909,1
174804,909,1
174806,909,24
174809,909,3
174810,909,3
174811,909,448
174815,909,36
174816,909,4
174817,909,1
174824,909,1
174828,909,17
174829,909,3
174830,909,2
174831,909,2
174832,909,6
174833,909,3
174835,909,24
174836,909,8
174841,909,4
174842,909,9
174844,909,4
174845,909,3
174848,909,15
174851,909,47
174854,909,1
174858,909,40
174859,909,2
174862,909,2
174863,909,4
174865,909,168
174872,909,1
174875,909,12
174876,909,1
174877,909,12
174881,909,6
174883,909,2
174884,909,14
174886,909,29
174887,909,4
174888,909,1
174890,909,1
174892,909,20
174893,909,8
174895,909,11
174896,909,4
174897,909,2
174900,909,26
174901,909,1
174902,909,1
174903,909,137
174904,909,23
174908,909,14
174911,909,1
174913,909,10
174914,909,2
174915,909,10
174918,909,6
174919,909,3
174921,909,4
174922,909,5
174923,909,5
174924,909,2
174925,909,1
174926,909,8
174928,909,4
174936,909,1
174945,909,4
174948,909,1
174950,909,2
174964,909,1
174965,909,1
174969,909,1
174973,909,1
174975,909,11
174983,909,1
174986,909,1
174988,909,1
174994,909,1
174996,909,1
174997,909,2
175000,909,1
175008,909,20
175011,909,1
175015,909,1
175019,909,3
175031,909,1
175032,909,1
175038,909,1
175041,909,12
175042,909,5
175048,909,30
175050,909,10
175053,909,3
175054,909,5
175056,909,1
175057,909,3
175058,909,3
175059,909,3
175061,909,2
175062,909,3
175063,909,10
175064,909,1
175066,909,30
175068,909,1
175074,909,7
175076,909,1
175078,909,3
175079,909,1
175080,909,1
175087,909,8
175095,909,26
175100,909,1
175101,909,47
175102,909,3
175104,909,2
175107,909,1
175119,909,1
175121,909,38
175122,909,4
175128,909,4
175130,909,4
175131,909,1
175137,909,43
175139,909,13
175140,909,3
175142,909,342
175143,909,25
175146,909,5
175149,909,62
175150,909,1
175152,909,1
175156,909,1
175161,909,297
175163,909,1
175170,909,2
175171,909,1
175172,909,1
175192,909,1
175194,909,354
175195,909,1
175197,909,6
175198,909,10
175199,909,1
175206,909,37
175208,909,4
175209,909,1
175211,909,9
175212,909,2
175215,909,1
175216,909,7
175217,909,23
175221,909,11
175222,909,7
175223,909,1
175231,909,3
175232,909,27
175233,909,3
175234,909,2
175237,909,31
175239,909,1
175241,909,4
175242,909,1
175243,909,2
175244,909,1
175245,909,6
175247,909,45
175248,909,1
175251,909,1
175252,909,317
175260,909,40
175261,909,1
175264,909,1
175265,909,21
175267,909,47
175268,909,3
175273,909,1
175275,909,1
175276,909,1
175284,909,26
175285,909,74
175290,909,12
175291,909,1
175292,909,1
175293,909,197
175294,909,1
175296,909,11
175300,909,6
175301,909,62
175302,909,4
175303,909,10
175304,909,5
175305,909,12
175306,909,376
175307,909,22
175309,909,2
175310,909,1
175312,909,141
175313,909,3
175314,909,1
175316,909,2
175317,909,1
175319,909,1
175321,909,1
175324,909,254
175325,909,2
175326,909,1
175330,909,1
175331,909,3
175334,909,15
175335,909,1
175336,909,1
175338,909,2
175339,909,1
175342,909,8
175343,909,101
175346,909,2
175347,909,1
175349,909,36
175357,909,23
175358,909,23
175359,909,1
175360,909,6
175361,909,10
175362,909,1
175364,909,2
175366,909,3
175367,909,55
175368,909,42
175370,909,12
175373,909,18
175374,909,14
175375,909,33
175376,909,1
175378,909,1
175379,909,1
175380,909,1
175381,909,104
175382,909,103
175385,909,1
175387,909,1
175390,909,4
175391,909,4
175392,909,3
175393,909,3
175394,909,1
175396,909,200
175397,909,1
175399,909,4
175400,909,7
175401,909,1
175402,909,7
175403,909,8
175404,909,7
175405,909,43
175406,909,1
175407,909,234
175410,909,1
175414,909,1
175415,909,4
175416,909,399
175419,909,3
175420,909,9
175422,909,7
175423,909,258
175424,909,3
175425,909,3
175426,909,1
175434,909,2
175435,909,1
175448,909,1
175453,909,1
175459,909,6
175460,909,6
175463,909,25
175467,909,1
175476,909,68
175477,909,229
175478,909,4
175479,909,1
175480,909,1
175484,909,313
175487,909,3
175493,909,266
175494,909,1
175496,909,1
175497,909,10
175499,909,15
175503,909,3
175506,909,11
175509,909,40
175512,909,18
175513,909,1963
175516,909,150
175518,909,171
175520,909,2
175521,909,1
175523,909,1
175524,909,23
175525,909,22
175526,909,3
175527,909,29
175528,909,31
175529,909,1
175535,909,21
175536,909,46
175537,909,14
175539,909,91
175541,909,1
175542,909,37
175545,909,1
175546,909,1
175549,909,5
175551,909,37
175553,909,2
175555,909,32
175556,909,4
175560,909,18
175561,909,1
175567,909,1
175571,909,76
175573,909,4
175574,909,3
175579,909,1
175580,909,1
175582,909,1
175583,909,1
175590,909,1
175594,909,2
175597,909,8
175605,909,1
175607,909,1
175608,909,13
175610,909,1
175612,909,10
175614,909,7
175615,909,1
175619,909,1
175626,909,1
175628,909,3
175630,909,1
175631,909,2
175632,909,1
175636,909,1
175639,909,5
175642,909,1
175643,909,1
175645,909,3
175646,909,2
175647,909,10
175648,909,1
175652,909,31
175654,909,1
175656,909,3
175658,909,73
175660,909,1
175661,909,1
175667,909,54
175668,909,1
175672,909,2
175674,909,2
175679,909,3
175685,909,43
175686,909,13
175687,909,1
175689,909,91
175690,909,2
175692,909,2
175693,909,1
175694,909,5
175695,909,1
175697,909,3
175698,909,1
175701,909,5
175703,909,1
175706,909,1
175709,909,1
175710,909,1
175711,909,251
175713,909,1
175714,909,2
175729,909,1
175730,909,1
175737,909,9
175739,909,2
175742,909,2
175743,909,2
175746,909,6
175747,909,1
175748,909,1
175751,909,3
175752,909,4
175760,909,1
175764,909,6
175765,909,1
175771,909,2
175777,909,1
175785,909,4
175791,909,14
175797,909,25
175811,909,1
175814,909,7
175815,909,1
175822,909,1
175823,909,1
175829,909,91
175831,909,13
175832,909,1
175833,909,32
175834,909,4
175835,909,6
175837,909,2
175840,909,1
175844,909,1
175850,909,1
175854,909,66
175857,909,1
175858,909,30
175860,909,1
175861,909,5
175862,909,3
175864,909,2
175866,909,15
175867,909,1
175868,909,2
175869,909,2
175870,909,1
175871,909,1
175872,909,7
175874,909,1
175875,909,199
175878,909,1
175879,909,3
175880,909,4
175883,909,7
175884,909,1
175885,909,1
175886,909,9
175887,909,1
175888,909,5
175890,909,3
175891,909,7
175892,909,6
175896,909,1
175897,909,1
175898,909,3
175899,909,20
175905,909,1
175906,909,26
175908,909,1
175910,909,1
175915,909,8
175916,909,2
175918,909,12
175919,909,5
175920,909,1
175922,909,1
175923,909,58
175926,909,3
175927,909,4
175928,909,3
175929,909,21
175930,909,9
175931,909,29
175932,909,2
175933,909,3
175934,909,2
175935,909,16
175937,909,1
175939,909,5
175942,909,2
175943,909,3
175944,909,1
175946,909,16
175949,909,3
175950,909,1
175951,909,1
175952,909,18
175953,909,259
175981,909,3
175987,909,2
175993,909,1
176001,909,2
176008,909,1
176015,909,1
176028,909,1
176049,909,1
176051,909,1
176052,909,2
176076,909,70
176077,909,36
176078,909,1
176079,909,1
176085,909,2
176090,909,10
176092,909,3
176093,909,1
176094,909,30
176096,909,2
176097,909,2
176098,909,6
176099,909,1
176103,909,1
176105,909,1
176107,909,1
176109,909,141
176115,909,4
176117,909,25
176120,909,1
176128,909,12
176133,909,167
176139,909,85
176142,909,2
176148,909,2
176151,909,13
176152,909,1
176156,909,1
176157,909,1
176159,909,4
176165,909,3
176167,909,15
176168,909,12
176169,909,2
176176,909,2
176177,909,1
176181,909,12
176187,909,3
176189,909,1
176192,909,1
176195,909,1
176196,909,186
176202,909,4
176204,909,2
176207,909,2
176209,909,3
176210,909,1
176211,909,83
176212,909,1
176213,909,3
176215,909,15
176216,909,3
176220,909,1
176222,909,2
176223,909,1
176224,909,1
176226,909,247
176231,909,27
176233,909,1
176242,909,22
176244,909,1
176245,909,145
176247,909,192
176248,909,1
176250,909,2
176256,909,1
176258,909,7
176259,909,2
176262,909,4
176263,909,1
176265,909,9
176269,909,18
176270,909,1
176271,909,18
176272,909,20
176273,909,5
176275,909,1
176278,909,1
176279,909,4
176280,909,1
176281,909,1
176283,909,34
176287,909,10
176288,909,2
176299,909,1
176301,909,1
176302,909,3
176303,909,3
176315,909,1
176317,909,2
176335,909,1
176353,909,1
176365,909,5
176373,909,1
176388,909,1
176434,909,1
176438,909,2
176441,909,1
176470,909,26
176473,909,85
176474,909,4
176475,909,1
176478,909,1
176483,909,1
176486,909,1
176495,909,36
176497,909,1
176498,909,9
176501,909,116
176502,909,8
176503,909,2
176506,909,1
176508,909,2
176510,909,1
176513,909,2
176514,909,19
176516,909,1
176517,909,2
176521,909,1
176522,909,1
176523,909,5
176530,909,1
176533,909,1
176543,909,29
176544,909,1
176546,909,5
176548,909,4
176549,909,2
176550,909,2
176554,909,40
176555,909,1
176556,909,3
176557,909,1
176558,909,5
176560,909,18
176563,909,2
176564,909,2
176565,909,41
176567,909,1
176569,909,6
176572,909,34
176579,909,8
176580,909,3
176584,909,1
176585,909,1
176587,909,6
176588,909,4
176590,909,1
176592,909,1
176593,909,3
176594,909,224
176596,909,3
176597,909,1
176599,909,2
176600,909,3
176602,909,3
176609,909,7
176610,909,1
176613,909,1
176614,909,1
176615,909,3
176616,909,11
176617,909,1
176622,909,4
176625,909,4
176626,909,2
176627,909,5
176631,909,1
176634,909,3
176636,909,87
176638,909,1
176640,909,2
176642,909,24
176643,909,13
176645,909,3
176646,909,2
176648,909,3
176650,909,1
176651,909,16
176653,909,45
176654,909,8
176655,909,1
176658,909,2
176661,909,2
176662,909,1
176663,909,1
176664,909,18
176668,909,3
176670,909,6
176671,909,3
176672,909,1
176673,909,7
176675,909,1
176676,909,3
176678,909,8
176687,909,9
176704,909,1
176710,909,2
176724,909,1
176760,909,1
176761,909,1
176794,909,12
176798,909,1
176831,909,1
176834,909,7
176856,909,1
176858,909,213
176859,909,1
176860,909,2
176861,909,1
176865,909,6
176866,909,1
176868,909,26
176871,909,6
176872,909,3
176873,909,2
176874,909,699
176875,909,3
176877,909,50
176878,909,11
176879,909,2
176881,909,1
176883,909,7
176884,909,2
176885,909,14
176886,909,3
176887,909,5
176888,909,3
176889,909,541
176892,909,1
176893,909,8
176894,909,2
176897,909,1
176898,909,1
176903,909,50
176904,909,1
176907,909,303
176909,909,28
176910,909,2
176912,909,2
176916,909,1
176919,909,40
176920,909,6
176923,909,29
176924,909,2
176926,909,16
176928,909,2
176931,909,1
176932,909,5
176933,909,1
176934,909,16
176935,909,76
176936,909,3
176938,909,2
176942,909,7
176943,909,1
176944,909,3
176945,909,1
176946,909,13
176950,909,19
176951,909,1
176954,909,1
176955,909,1
176956,909,3
176959,909,1
176962,909,6
176963,909,2
176964,909,2
176965,909,1
176975,909,1
176977,909,1
176978,909,1
176980,909,6
176981,909,3
176986,909,3
176990,909,1
176996,909,1
177001,909,1
177018,909,2
177020,909,2
177021,909,1
177023,909,17
177024,909,1
177026,909,1
177028,909,3
177031,909,1
177033,909,3
177034,909,1
177036,909,2
177037,909,4
177040,909,1
177041,909,2
177042,909,172
177043,909,1
177045,909,3
177047,909,68
177048,909,10
177051,909,2
177052,909,1
177053,909,4
177054,909,1
177055,909,8
177057,909,2
177058,909,3
177059,909,2
177060,909,9
177066,909,1
177069,909,3
177073,909,2
177074,909,1
177076,909,1
177083,909,18
177087,909,5
177090,909,53
177097,909,49
177100,909,3
177101,909,1
177103,909,1
177110,909,1
177113,909,4
177114,909,16
177117,909,1
177119,909,1
177120,909,3
177122,909,29
177124,909,8
177125,909,1
177129,909,1
177131,909,3
177132,909,1
177133,909,10
177134,909,1
177138,909,3
177141,909,3
177142,909,2
177144,909,3
177145,909,1
177146,909,3
177151,909,1
177153,909,2
177155,909,2
177161,909,4
177169,909,2
177171,909,1
177174,909,1
177177,909,2
177179,909,113
177182,909,1
177183,909,2
177184,909,3
177185,909,1
177186,909,2
177192,909,1
177196,909,53
177200,909,1
177201,909,3
177202,909,1
177204,909,1
177205,909,3
177207,909,1
177213,909,1
177214,909,1
177217,909,6
177220,909,5
177222,909,1
177226,909,35
177233,909,38
177241,909,5
177243,909,5
177248,909,1
177249,909,5
177251,909,2
177252,909,2
177256,909,14
177259,909,1
177260,909,1
177261,909,3
177265,909,1
177266,909,5
177267,909,2
177268,909,10
177269,909,7
177270,909,1
177273,909,5
177278,909,2
177279,909,1
177280,909,1
177283,909,2
177284,909,6
177286,909,1
177287,909,2
177288,909,1
177289,909,1
177290,909,2
177291,909,3
177293,909,1
177346,909,1
177377,909,1
177379,909,3
177380,909,2
177381,909,1
177393,909,1
177408,909,2
177409,909,1
177410,909,3
177427,909,6
177431,909,1
177432,909,1
177437,909,1
177438,909,3
177441,909,44
177444,909,4
177446,909,5
177452,909,1
177455,909,2
177456,909,2
177463,909,5
177464,909,3
177465,909,1
177467,909,7
177470,909,4
177477,909,1
177481,909,1
177502,909,1
177504,909,1
177511,909,4
177517,909,3
177518,909,1
177522,909,9
177525,909,4
177534,909,1
177538,909,1
177543,909,3
177544,909,1
177545,909,2
177546,909,6
177555,909,1
177557,909,3
177560,909,1
177564,909,1
177565,909,2
177566,909,3
177568,909,3
177575,909,1
177577,909,1
177579,909,3
177582,909,1
177621,909,1
177623,909,1
177624,909,2
177627,909,4
177629,909,1
177631,909,1
177632,909,21
177636,909,25
177638,909,2
177639,909,3
177640,909,1
177641,909,2
177645,909,1
177649,909,9
177651,909,2
177654,909,54
177655,909,1
177656,909,8
177659,909,11
177664,909,34
177666,909,1
177668,909,1
177669,909,23
177670,909,1
177672,909,5
177674,909,1
177675,909,1
177676,909,9
177677,909,1
177678,909,12
177679,909,13
177680,909,1
177685,909,5
177687,909,2
177688,909,1
177690,909,1
177691,909,1
177692,909,26
177701,909,1
177720,909,4
177731,909,3
177737,909,8
177755,909,1
177756,909,7
177764,909,1
177770,909,3
177771,909,7
177775,909,2
177783,909,1
177784,909,7
177794,909,1
177802,909,1
177804,909,5
177814,909,2
177816,909,4
177818,909,2
177819,909,6
177820,909,2
177822,909,1
177823,909,1
177831,909,1
177871,909,1
177904,909,1
177947,909,19
177948,909,1
177960,909,1
177961,909,1
177969,909,3
177978,909,2
177982,909,1
177983,909,12
177985,909,5
177995,909,1
178001,909,2
178017,909,8
178023,909,2
178028,909,2
178030,909,1
178046,909,2
178053,909,1
178054,909,2
178061,909,4
178063,909,2
178065,909,1
178073,909,9
178086,909,1
178088,909,8
178097,909,1
178101,909,25
178104,909,3
178105,909,1
178108,909,1
178110,909,1
178114,909,2
178121,909,2
178122,909,12
178124,909,1
178125,909,1
178130,909,2
178132,909,2
178150,909,1
178162,909,1
178166,909,2
178179,909,1
178180,909,7
178194,909,3
178195,909,2
178197,909,1
178200,909,1
178232,909,6
178240,909,1
178257,909,5
178260,909,1
178267,909,1
178281,909,1
178287,909,1
178297,909,1
178308,909,1
178316,909,2
178318,909,1
178324,909,1
178328,909,1
178332,909,5
178345,909,1
178359,909,1
178363,909,2
178372,909,1
178373,909,1
178426,909,3
178427,909,3
178429,909,82
178444,909,3
178471,909,1
178475,909,1
178493,909,4
178496,909,6
178497,909,3
178505,909,3
178506,909,1
178508,909,1
178509,909,1
178512,909,1
178514,909,1
178519,909,1
178524,909,1
178525,909,1
178526,909,3
178528,909,2
178531,909,16
178548,909,1
178551,909,24
178553,909,1
178557,909,9
178560,909,23
178561,909,6
178563,909,2
178565,909,1
178567,909,40
178569,909,5
178570,909,1
178571,909,1
178575,909,1
178579,909,2
178587,909,7
178590,909,1
178592,909,6
178595,909,8
178597,909,11
178598,909,1
178600,909,1
178601,909,1
178602,909,1
178603,909,10
178606,909,1
178607,909,1
178608,909,1
178611,909,1
178613,909,1
178614,909,1
178619,909,1
178622,909,1
178624,909,1
178625,909,1
178627,909,2
178638,909,1
178659,909,1
178662,909,1
178675,909,1
178678,909,2
178679,909,6
178680,909,1
178685,909,5
178692,909,23
178696,909,17
178698,909,11
178704,909,1
178710,909,1
178714,909,2
178721,909,5
178723,909,25
178731,909,1
178738,909,6
178740,909,2
178746,909,1
178749,909,2
178753,909,1
178754,909,1
178757,909,1
178759,909,1
178762,909,1
178764,909,1
178765,909,3
178767,909,4
178772,909,1
178787,909,9
178790,909,2
178793,909,4
178795,909,1
178800,909,5
178803,909,1
178804,909,1
178807,909,1
178809,909,1
178828,909,1
178834,909,1
178838,909,1
178839,909,1
178848,909,1
178852,909,1
178855,909,5
178858,909,2
178863,909,59
178864,909,1
178902,909,5
178912,909,1
178934,909,3
178937,909,4
178938,909,1
178944,909,2
178946,909,16
178950,909,2
178953,909,3
178959,909,1
178969,909,1
178978,909,1
178984,909,1
178989,909,2
179025,909,1
179031,909,1
179032,909,2
179033,909,1
179095,909,9
179096,909,1
179107,909,1
179113,909,1
179114,909,1
179119,909,3
179132,909,5
179133,909,1
179140,909,7
179142,909,3
179146,909,2
179147,909,3
179148,909,1
179156,909,1
179161,909,1
179177,909,2
179190,909,1
179196,909,1
179203,909,1
179207,909,17
179217,909,3
179222,909,1
179230,909,3
179237,909,1
179238,909,2
179240,909,1
179250,909,3
179259,909,1
179260,909,1
179262,909,1
179264,909,1
179265,909,1
179269,909,1
179279,909,2
179281,909,2
179286,909,20
179288,909,1
179289,909,1
179290,909,5
179291,909,1
179293,909,1
179308,909,2
179322,909,1
179332,909,1
179336,909,4
179352,909,1
179354,909,5
179355,909,2
179390,909,2
179391,909,1
179396,909,14
179398,909,1
179401,909,9
179403,909,1
179404,909,1
179405,909,170
179409,909,14
179410,909,2
179421,909,7
179422,909,1
179423,909,1
179424,909,1
179425,909,2
179426,909,1
179428,909,9
179429,909,3
179434,909,1
179435,909,3
179437,909,2
179438,909,1
179441,909,6
179444,909,18
179448,909,15
179449,909,1
179452,909,1
179453,909,1
179455,909,64
179462,909,5
179464,909,5
179468,909,2
179470,909,1
179471,909,5
179473,909,11
179474,909,1
179475,909,1
179478,909,7
179479,909,3
179481,909,4
179482,909,1
179483,909,1
179485,909,10
179488,909,52
179489,909,9
179493,909,5
179497,909,4
179498,909,1
179499,909,4
179502,909,2
179503,909,1
179505,909,1
179506,909,2
179507,909,2
179508,909,1
179509,909,1
179510,909,3
179512,909,1
179549,909,4
179550,909,9
179551,909,44
179552,909,8
179553,909,20
179554,909,35
179555,909,4
179556,909,14
179557,909,3
179558,909,8
179559,909,44
179560,909,153
179561,909,26
179562,909,3
179612,909,3
179615,909,1
179622,909,3
179624,909,2
179625,909,6
179626,909,1
179632,909,1
179649,909,6
179656,909,1
179677,909,1
179684,909,1
179687,909,6
179690,909,1
179695,909,1
179707,909,1
179713,909,4
179719,909,1
179724,909,7
179728,909,3
179738,909,5
179752,909,3
179757,909,1
179760,909,1
179761,909,1
179769,909,2
179770,909,1
179772,909,1
179774,909,1
179779,909,3
179780,909,3
179791,909,6
179799,909,1
179801,909,7
179807,909,12
179812,909,8
179822,909,1
179823,909,1
179845,909,3
179846,909,3
179849,909,1
179855,909,2
179856,909,8
179862,909,11
179865,909,1
179872,909,5
179895,909,1
179897,909,2
179898,909,1
179908,909,1
179915,909,1
179920,909,1
179922,909,2
179924,909,5
179927,909,12
179933,909,9
179942,909,7
179943,909,2
179945,909,15
179949,909,1
179954,909,1
179961,909,40
180002,909,1
180006,909,1
180018,909,4
180019,909,1
180021,909,2
180037,909,3
180039,909,3
180048,909,1
180054,909,1
180057,909,17
180065,909,1
180069,909,1
180075,909,1
180076,909,1
180084,909,2
180091,909,2
180100,909,1
180103,909,1
180108,909,5
180114,909,2
180115,909,1
180116,909,3
180120,909,1
180131,909,1
180137,909,2
180139,909,23
180141,909,1
180155,909,1
180160,909,3
180166,909,2
180167,909,1
180170,909,1
180172,909,1
180184,909,1
180199,909,1
180203,909,1
180204,909,1
180205,909,2
180206,909,4
180207,909,1
180222,909,1
180226,909,31
180227,909,16
180228,909,1
180234,909,1
180237,909,4
180239,909,1
180241,909,13
180242,909,1
180243,909,1
180244,909,3
180245,909,1
180250,909,1
180254,909,62
180257,909,2
180258,909,11
180269,909,5
180273,909,73
180278,909,37
180280,909,1
180284,909,1
180286,909,5
180289,909,1
180292,909,2
180295,909,1
180297,909,6
180298,909,5
180299,909,1
180305,909,1
180310,909,5
180313,909,1
180321,909,1
180324,909,2
180325,909,7
180330,909,41
180336,909,1
180340,909,1
180342,909,1
180344,909,18
180346,909,1
180348,909,3
180349,909,1
180355,909,1
180359,909,55
180364,909,6
180374,909,5
180377,909,32
180379,909,42
180387,909,2
180388,909,1
180390,909,1
180393,909,2
180397,909,4
180399,909,4
180400,909,5
180401,909,1
180406,909,1
180410,909,7
180413,909,2
180422,909,1
180423,909,1
180427,909,1
180432,909,3
180434,909,1
180440,909,1
180441,909,1
180448,909,41
180453,909,1
180456,909,5
180457,909,1
180462,909,1
180464,909,1
180474,909,6
180477,909,1
180480,909,1
180481,909,1
180487,909,2
180489,909,1
180491,909,1
180492,909,2
180494,909,2
180498,909,1
180505,909,2
180511,909,2
180513,909,2
180520,909,2
180522,909,2
180526,909,7
180529,909,1
180531,909,17
180533,909,2
180534,909,6
180535,909,1
180537,909,1
180542,909,2
180555,909,1
180559,909,1
180567,909,1
180570,909,4
180577,909,1
180601,909,1
180607,909,1
180613,909,1
180661,909,9
180665,909,1
180700,909,1
180703,909,5
180727,909,1
180731,909,7
180734,909,5
180735,909,21
180745,909,3
180754,909,36
180756,909,15
180761,909,11
180763,909,6
180768,909,1
180771,909,1
180774,909,2
180777,909,1
180778,909,1
180784,909,4
180788,909,5
180791,909,6
180794,909,37
180795,909,21
180799,909,1
180801,909,16
180807,909,1
180810,909,1
180811,909,6
180817,909,2
180821,909,2
180824,909,1
180826,909,18
180828,909,5
180829,909,21
180830,909,3
180833,909,1633
180834,909,154
180836,909,178
180837,909,12
180839,909,64
180841,909,27
180842,909,1154
180843,909,80
180845,909,4
180846,909,5
180847,909,2
180848,909,1
180849,909,184
180850,909,5
180852,909,51
180853,909,5
180854,909,4
180855,909,1
180856,909,21
180861,909,4
180869,909,1
180873,909,2
180875,909,1
180876,909,1
180878,909,14
180881,909,1
180883,909,3
180886,909,1
180888,909,2
180891,909,2
180892,909,3
180895,909,1
180896,909,1
180897,909,141
180900,909,2
180902,909,56
180903,909,9
180906,909,1
180907,909,1
180908,909,3
180909,909,1
180910,909,6
180912,909,1
180913,909,2
180914,909,1
180915,909,7
180921,909,1
180924,909,2
180928,909,2
180931,909,1
180938,909,15
180942,909,4
180945,909,44
180952,909,41
180955,909,2
180956,909,1
180958,909,1
180965,909,1
180968,909,3
180969,909,13
180972,909,1
180974,909,1
180975,909,2
180977,909,24
180979,909,6
180980,909,1
180984,909,1
180986,909,2
180987,909,1
180988,909,8
180993,909,2
180996,909,2
180997,909,2
180999,909,2
181000,909,1
181001,909,3
181006,909,1
181008,909,2
181010,909,1
181023,909,11
181032,909,5
181045,909,1
181048,909,3
181050,909,4
181057,909,1
181061,909,1
181070,909,1
181071,909,1
181074,909,1
181081,909,1
181092,909,1
181095,909,1
181101,909,1
181138,909,1
181140,909,1
181142,909,4
181144,909,1
181146,909,1
181167,909,1
181173,909,1
181175,909,6
181176,909,4
181177,909,3
181189,909,2
181211,909,1
181216,909,20
181220,909,4
181221,909,4
181225,909,4
181226,909,9
181228,909,1
181229,909,139
181231,909,13
181232,909,17
181237,909,4
181238,909,1
181239,909,2
181240,909,5
181241,909,5
181246,909,17
181247,909,10
181248,909,5
181250,909,21
181252,909,14
181256,909,1
181257,909,2
181260,909,2
181272,909,1
181297,909,3
181302,909,1
181308,909,1
181310,909,2
181311,909,1
181322,909,1
181325,909,1
181335,909,1
181342,909,1
181343,909,1
181344,909,1
181352,909,1
181364,909,1
181365,909,1
181368,909,2
181372,909,1
181373,909,8
181382,909,1
181392,909,2
181402,909,12
181406,909,1
181413,909,1
181421,909,1
181424,909,1
181426,909,2
181428,909,1
181430,909,2
181432,909,5
181433,909,1
181437,909,2
181438,909,2
181439,909,1
181443,909,1
181444,909,1
181446,909,1
181449,909,2
181453,909,1
181456,909,1
181458,909,1
181465,909,1
181469,909,5
181471,909,5
181473,909,1
181478,909,2
181479,909,1
181480,909,12
181482,909,2
181483,909,2
181484,909,8
181487,909,5
181490,909,1
181493,909,2
181495,909,3
181496,909,3
181498,909,1
181499,909,1
181503,909,6
181506,909,1
181514,909,1
181515,909,3
181516,909,1
181522,909,1
181524,909,1
181531,909,1
181533,909,3
181536,909,1
181537,909,1
181538,909,27
181539,909,1
181540,909,3
181543,909,3
181546,909,1
181554,909,19
181555,909,1
181564,909,48
181571,909,1
181590,909,2
181591,909,10
181598,909,1
181601,909,1
181604,909,4
181605,909,10
181607,909,1
181609,909,3
181617,909,1
181618,909,11
181627,909,1
181635,909,2
181636,909,7
181644,909,1
181645,909,2
181647,909,5
181649,909,3
181650,909,9
181651,909,3
181653,909,2
181654,909,1
181662,909,2
181674,909,1
181676,909,1
181679,909,1
181680,909,1
181681,909,2
181682,909,1
181684,909,6
181686,909,1
181689,909,11
181692,909,2
181705,909,1
181710,909,1
181719,909,5
181721,909,1
181733,909,1
181739,909,2
181741,909,1
181770,909,81
181775,909,3
181781,909,2
181793,909,1
181801,909,2
181809,909,2
181813,909,1
181814,909,10
181816,909,4
181824,909,1
181828,909,2
181842,909,7
181847,909,2
181852,909,2
181854,909,1
181867,909,2
181872,909,1
181873,909,1
181878,909,4
181880,909,2
181882,909,1
181889,909,8
181901,909,1
181903,909,31
181909,909,1
181912,909,5
181916,909,93
181919,909,10
181920,909,2
181923,909,2
181925,909,3
181926,909,1
181927,909,1
181929,909,8
181931,909,2
181936,909,6
181937,909,45
181939,909,4
181940,909,3
181945,909,7
181946,909,1
181947,909,7
181949,909,2
181954,909,1
181960,909,1
181961,909,1
181965,909,3
181967,909,2
181970,909,2
181972,909,1
181974,909,1
181975,909,1
181978,909,5
181983,909,10
181985,909,3
181987,909,1
181989,909,1
181991,909,1
181994,909,2
181996,909,2
181997,909,4
181998,909,42
182000,909,1
182002,909,1
182005,909,1
182007,909,1
182010,909,1
182011,909,2
182014,909,1
182015,909,20
182016,909,11
182017,909,2
182018,909,5
182020,909,1
182021,909,6
182023,909,2
182024,909,1
182026,909,1
182028,909,1
182031,909,2
182032,909,1
182034,909,1
182036,909,1
182041,909,1
182043,909,1
182053,909,2
182061,909,4
182063,909,2
182068,909,2
182072,909,1
182074,909,1
182076,909,10
182083,909,1
182088,909,1
182102,909,3
182105,909,4
182111,909,1
182114,909,2
182115,909,2
182120,909,1
182123,909,1
182146,909,1
182154,909,1
182157,909,12
182158,909,10
182160,909,294
182166,909,1
182172,909,1
182175,909,12
182180,909,1
182203,909,1
182208,909,2
182228,909,1
182234,909,5
182241,909,1
182253,909,5
182257,909,1
182294,909,1
182317,909,51
182335,909,1
182337,909,6
182340,909,2
182343,909,6
182344,909,1
182346,909,1
182348,909,10
182350,909,1
182360,909,2
182363,909,1
182364,909,2
182365,909,3
182370,909,2
182388,909,1
182395,909,1
182419,909,1
182423,909,1
182426,909,3
182429,909,2
182430,909,1
182447,909,1
182449,909,3
182458,909,1
182473,909,1
182482,909,1
182484,909,1
182488,909,5
182489,909,29
182490,909,1
182492,909,1
182494,909,3
182502,909,4
182506,909,14
182507,909,2
182508,909,19
182509,909,3
182510,909,7
182516,909,8
182520,909,28
182521,909,37
182523,909,1
182527,909,1
182528,909,1
182529,909,16
182537,909,1
182542,909,1
182543,909,1
182548,909,1
182550,909,1
182561,909,1
182563,909,1
182575,909,17
182577,909,1
182582,909,1
182584,909,1
182585,909,3
182600,909,1
182606,909,1
182612,909,1
182636,909,1
182656,909,1
182666,909,1
182668,909,5
182711,909,2
182750,909,2
182756,909,1
182757,909,1
182763,909,4
182770,909,1
182771,909,1
182778,909,1
182785,909,7
182786,909,2
182794,909,11
182797,909,5
182801,909,2
182802,909,5
182803,909,2
182814,909,2
182818,909,2
182832,909,3
182837,909,1
182841,909,1
182846,909,1
182850,909,19
182859,909,4
182862,909,2
182870,909,2
182877,909,2
182889,909,2
182898,909,1
182901,909,1
182917,909,1
182919,909,1
182924,909,14
182928,909,3
182946,909,1
182959,909,1
182960,909,1
182965,909,1
182968,909,4
182980,909,1
182982,909,5
182983,909,2
183003,909,1
183004,909,1
183020,909,1
183021,909,1
183022,909,1
183027,909,1
183031,909,3
183036,909,2
183040,909,36
183042,909,3
183051,909,1
183055,909,1
183057,909,2
183058,909,1
183063,909,1
183067,909,1
183068,909,4
183070,909,3
183076,909,14
183079,909,1
183081,909,1
183084,909,1
183087,909,1
183089,909,2
183093,909,2
183094,909,1
183095,909,1
183099,909,2
183102,909,11
183103,909,2
183107,909,1
183111,909,1
183113,909,1
183124,909,1
183151,909,1
183166,909,2
183182,909,1
183184,909,1
183196,909,1
183206,909,1
183209,909,2
183214,909,2
183220,909,2
183221,909,1
183224,909,16
183225,909,1
183227,909,3
183232,909,14
183234,909,1
183236,909,1
183239,909,3
183240,909,1
183241,909,1
183245,909,1
183251,909,14
183258,909,1
183267,909,1
183276,909,1
183279,909,1
183286,909,2
183289,909,13
183292,909,2
183295,909,1
183297,909,2
183307,909,1
183308,909,3
183314,909,8
183319,909,3
183323,909,1
183324,909,15
183325,909,1
183328,909,6
183338,909,10
183343,909,1
183350,909,5
183354,909,2
183356,909,1
183357,909,1
183365,909,3
183366,909,2
183367,909,1
183368,909,1
183369,909,1
183370,909,2
183375,909,5
183376,909,5
183385,909,9
183393,909,2
183395,909,11
183400,909,18
183404,909,12
183412,909,1
183413,909,21
183414,909,12
183416,909,1
183417,909,1
183421,909,1
183423,909,1
183425,909,7
183430,909,11
183432,909,1
183434,909,60
183435,909,56
183437,909,2
183438,909,3
183446,909,9
183447,909,30
183448,909,1
183453,909,41
183456,909,10
183460,909,1
183463,909,1
183464,909,1
183465,909,72
183466,909,5
183467,909,6
183471,909,1
183472,909,1
183474,909,1
183475,909,1
183477,909,1
183478,909,2
183479,909,1
183480,909,3
183482,909,1
183486,909,1
183488,909,1
183491,909,3
183501,909,11
183502,909,1
183525,909,1
183534,909,2
183536,909,1
183537,909,1
183554,909,1
183561,909,1
183563,909,4
183566,909,8
183572,909,6
183581,909,5
183582,909,2
183584,909,10
183588,909,1
183593,909,1
183600,909,29
183612,909,1
183619,909,1
183625,909,1
183633,909,1
183648,909,1
183650,909,2
183655,909,3
183665,909,1
183672,909,13
183673,909,2
183675,909,4
183676,909,1
183677,909,1
183693,909,9
183695,909,2
183702,909,1
183711,909,11
183721,909,1
183730,909,1
183736,909,1
183743,909,1
183747,909,3
183752,909,1
183753,909,1
183754,909,2
183758,909,1
183765,909,1
183769,909,1
183770,909,15
183771,909,1
183790,909,2
183798,909,4
183806,909,4
183807,909,1
183811,909,1
183813,909,1
183817,909,2
183831,909,1
183855,909,1
183859,909,1
183864,909,2
183865,909,1
183866,909,3
183867,909,6
183868,909,1
183885,909,1
183890,909,47
183891,909,24
183892,909,1
183893,909,1
183898,909,1
183901,909,7
183903,909,2
183904,909,1
183905,909,20
183906,909,1
183907,909,1
183908,909,4
183909,909,1
183914,909,1
183918,909,94
183921,909,3
183923,909,16
183934,909,8
183938,909,111
183943,909,57
183946,909,1
183952,909,1
183954,909,8
183957,909,1
183960,909,3
183964,909,2
183966,909,10
183967,909,8
183968,909,1
183974,909,1
183979,909,8
183985,909,2
183988,909,5
183991,909,2
183992,909,1
183994,909,6
183995,909,4
183998,909,1
184001,909,1
184002,909,1
184004,909,5
184008,909,8
184012,909,25
184015,909,1
184016,909,66
184021,909,1
184022,909,2
184027,909,1
184031,909,19
184043,909,8
184047,909,2
184056,909,25
184058,909,3
184065,909,2
184067,909,14
184068,909,19
184074,909,1
184078,909,1
184081,909,2
184083,909,2
184084,909,2
184093,909,3
184095,909,1
184102,909,3
184106,909,1
184107,909,2
184115,909,5
184118,909,1
184119,909,10
184122,909,23
184124,909,19
184140,909,2
184141,909,6
184142,909,1
184143,909,13
184146,909,2
184151,909,1
184163,909,2
184169,909,4
184175,909,1
184189,909,1
184194,909,1
184217,909,9
184218,909,1
184222,909,7
184230,909,1
184231,909,143
184234,909,3
184241,909,33
184243,909,1
184249,909,2
184252,909,1
184257,909,1
184261,909,10
184265,909,1
184269,909,1
184289,909,14
184297,909,2
184315,909,2
184328,909,1
184333,909,1
184335,909,1
184346,909,1
184352,909,1
184354,909,1
184361,909,1
184363,909,1
184367,909,3
184372,909,6
184374,909,1
184375,909,2
184383,909,1
184421,909,2
184422,909,2
184423,909,1
184433,909,1
184436,909,1
184437,909,1
184439,909,1
184440,909,2
184452,909,83
184453,909,2
184455,909,15
184456,909,11
184457,909,7
184458,909,4
184459,909,1
184461,909,1
184462,909,116
184463,909,2
184464,909,8
184465,909,2
184466,909,15
184467,909,52
184469,909,1
184470,909,7
184471,909,6
184472,909,118
184473,909,1
184474,909,1
184475,909,17
184476,909,1
184478,909,98
184481,909,24
184482,909,8
184483,909,1
184484,909,1
184485,909,4
184486,909,4
184487,909,16
184488,909,11
184490,909,2
184492,909,2
184493,909,9
184494,909,639
184496,909,7
184497,909,2
184498,909,6
184499,909,10
184501,909,8
184503,909,1
184507,909,20
184508,909,2
184511,909,2
184512,909,2
184513,909,7
184514,909,32
184515,909,1
184518,909,1
184519,909,11
184520,909,1
184522,909,12
184523,909,6
184524,909,14
184527,909,3
184528,909,1
184529,909,1
184530,909,9
184532,909,249
184534,909,2
184536,909,5
184537,909,67
184538,909,38
184539,909,8
184540,909,4
184541,909,1
184542,909,9
184544,909,3
184545,909,47
184547,909,128
184548,909,22
184549,909,3
184550,909,1
184551,909,1
184552,909,5
184555,909,4
184556,909,2
184557,909,2
184558,909,52
184561,909,8
184563,909,19
184564,909,9
184565,909,2
184566,909,19
184567,909,2
184568,909,7
184570,909,21
184571,909,30
184587,909,19
184589,909,77
184592,909,1
184593,909,1
184611,909,1
184625,909,1
184691,909,4
184721,909,1
184723,909,3
184744,909,21
184750,909,1
184752,909,2
184753,909,1
184756,909,68
184759,909,5
184760,909,1
184764,909,1
184766,909,1
184770,909,53
184772,909,1
184781,909,5
184783,909,29
184785,909,3
184791,909,4
184792,909,1
184793,909,3
184796,909,2
184803,909,2
184804,909,7
184809,909,1
184813,909,1
184815,909,2
184821,909,4
184823,909,3
184824,909,12
184834,909,2
184841,909,20
184843,909,8
184848,909,6
184849,909,3
184859,909,1
184869,909,2
184873,909,3
184876,909,3
184879,909,20
184880,909,12
184886,909,9
184895,909,1
184896,909,3
184901,909,1
184909,909,1
184911,909,2
184914,909,134
184915,909,13
184917,909,15
184918,909,1
184919,909,5
184921,909,2
184922,909,94
184923,909,7
184928,909,15
184930,909,4
184934,909,2
184970,909,3
184974,909,1
184995,909,1
184996,909,1
185009,909,1
185031,909,1
185043,909,17
185054,909,8
185069,909,1
185070,909,1
185073,909,5
185076,909,6
185079,909,1
185081,909,1
185083,909,1
185087,909,2
185094,909,1
185096,909,2
185097,909,1
185100,909,1
185108,909,1
185185,909,1
185188,909,9
185191,909,3
185192,909,1
185194,909,1
185195,909,3
185196,909,13
185198,909,63
185199,909,44
185200,909,31
185205,909,4
185206,909,1
185208,909,3
185209,909,3
185210,909,1
185213,909,4
185214,909,2
185215,909,3
185216,909,22
185219,909,4
185222,909,1
185223,909,1
185225,909,1
185238,909,5
185242,909,1
185243,909,1
185247,909,1
185248,909,2
185251,909,38
185253,909,4
185254,909,5
185259,909,1
185262,909,1
185263,909,1
185268,909,5
185269,909,3
185270,909,1
185272,909,6
185274,909,4
185279,909,1
185281,909,1
185304,909,1
185378,909,1
185382,909,2
185386,909,3
185396,909,1
185401,909,6
185403,909,1
185405,909,1
185409,909,4
185414,909,3
185417,909,1
185420,909,1
185422,909,1
185423,909,2
185428,909,1
185435,909,3
185460,909,2
185468,909,1
185472,909,3
185485,909,1
185493,909,1
185494,909,1
185506,909,2
185522,909,1
185532,909,1
185535,909,1
185581,909,9
185594,909,1
185602,909,2
185611,909,1
185615,909,1
185616,909,9
185618,909,4
185626,909,1
185630,909,2
185645,909,6
185650,909,2
185655,909,1
185657,909,1
185672,909,1
185677,909,1
185678,909,1
185684,909,3
185686,909,2
185688,909,1
185695,909,7
185708,909,1
185710,909,26
185716,909,1
185719,909,4
185723,909,77
185726,909,8
185727,909,2
185731,909,2
185733,909,2
185735,909,1
185737,909,6
185739,909,1
185745,909,5
185746,909,37
185748,909,3
185750,909,3
185756,909,6
185757,909,1
185758,909,5
185760,909,2
185767,909,1
185773,909,1
185775,909,1
185779,909,2
185792,909,1
185805,909,3
185815,909,1
185816,909,1
185847,909,1
185849,909,3
185856,909,15
185858,909,5
185859,909,27
185861,909,52
185862,909,56
185868,909,4
185874,909,1
185875,909,33
185881,909,2
185892,909,1
185900,909,1
185902,909,1
185913,909,2
185922,909,3
185924,909,2
185931,909,2
185935,909,1
185939,909,9
185952,909,1
185966,909,2
185970,909,3
185976,909,1
185979,909,1
185980,909,2
185989,909,1
186018,909,1
186019,909,1
186020,909,21
186031,909,1
186061,909,7
186064,909,10
186065,909,6
186072,909,7
186073,909,2
186075,909,1
186076,909,1
186078,909,2
186080,909,1
186085,909,2
186088,909,2
186089,909,1
186090,909,7
186092,909,4
186095,909,31
186097,909,1
186101,909,1
186110,909,2
186111,909,1
186113,909,1
186114,909,1
186115,909,1
186118,909,2
186124,909,1
186125,909,1
186127,909,2
186128,909,1
186130,909,1
186133,909,1
186139,909,5
186144,909,1
186148,909,2
186155,909,1
186156,909,1
186158,909,1
186166,909,1
186168,909,3
186171,909,4
186173,909,3
186187,909,1
186189,909,2
186190,909,4
186195,909,4
186199,909,16
186202,909,12
186203,909,7
186207,909,1
186213,909,1
186217,909,1
186222,909,4
186224,909,18
186234,909,4
186236,909,1
186255,909,1
186266,909,1
186268,909,1
186273,909,1
186292,909,1
186297,909,1
186304,909,1
186312,909,9
186315,909,1
186316,909,5
186317,909,1
186319,909,1
186320,909,3
186321,909,44
186323,909,278
186324,909,5
186325,909,1
186327,909,9
186328,909,1
186329,909,29
186330,909,1
186334,909,1
186335,909,1
186337,909,1
186341,909,2
186342,909,1
186343,909,5
186345,909,43
186347,909,1
186348,909,1
186349,909,1
186350,909,137
186351,909,16
186352,909,180
186353,909,25
186355,909,68
186356,909,3
186357,909,1
186358,909,2
186359,909,1
186360,909,3
186361,909,75
186362,909,1
186363,909,1
186364,909,1
186365,909,271
186366,909,362
186377,909,1
186380,909,13
186403,909,1
186423,909,1
186425,909,1
186430,909,1
186431,909,5
186434,909,1
186436,909,1
186469,909,1
186470,909,2
186471,909,4
186534,909,1
186538,909,1
186554,909,1
186557,909,1
186558,909,255
186559,909,36
186565,909,1
186567,909,3
186572,909,4
186575,909,2
186594,909,1
186607,909,2
186615,909,3
186617,909,1
186621,909,1
186622,909,1
186623,909,1
186630,909,1
186665,909,3
186674,909,1
186719,909,2
186758,909,2
186762,909,9
186773,909,1
186779,909,1
186781,909,11
186782,909,5
186810,909,1
186818,909,1
186822,909,7
186824,909,1
186827,909,5
186829,909,1
186830,909,1
186831,909,86
186834,909,7
186835,909,1
186845,909,3
186846,909,1
186849,909,1
186851,909,5
186852,909,2
186856,909,1
186857,909,2
186858,909,1
186861,909,3
186862,909,9
186865,909,8
186870,909,1
186872,909,32
186876,909,2
186878,909,2
186882,909,1
186885,909,3
186887,909,5
186888,909,1
186891,909,4
186892,909,1
186894,909,2
186895,909,1
186898,909,5
186901,909,26
186902,909,4
186906,909,3
186910,909,2
186912,909,2
186915,909,1
186916,909,1
186918,909,1
186919,909,1
186920,909,1
186923,909,1
186925,909,1
186957,909,1
186963,909,2
186965,909,1
186978,909,1
186981,909,2
186985,909,1
186996,909,1
187002,909,2
187008,909,4
187020,909,3
187033,909,3
187035,909,1
187038,909,28
187039,909,2
187044,909,5
187054,909,24
187057,909,5
187058,909,1
187060,909,4
187061,909,1
187062,909,1
187063,909,16
187064,909,6
187065,909,8
187074,909,1
187076,909,1
187077,909,3
187078,909,1
187085,909,10
187093,909,1
187102,909,1
187112,909,1
187115,909,1
187122,909,1
187125,909,9
187128,909,1
187131,909,1
187133,909,1
187144,909,1
187145,909,2
187151,909,6
187157,909,2
187162,909,11
187163,909,1
187166,909,4
187176,909,7
187182,909,1
187190,909,4
187195,909,1
187198,909,1
187199,909,1
187207,909,2
187208,909,1
187210,909,1
187212,909,1
187217,909,4
187218,909,4
187228,909,7
187236,909,1
187238,909,8
187244,909,14
187248,909,9
187253,909,1
187257,909,1
187258,909,1
187268,909,1
187271,909,4
187272,909,4
187274,909,1
187280,909,3
187281,909,11
187287,909,16
187289,909,1
187291,909,63
187293,909,5
187298,909,1
187299,909,4
187303,909,266
187305,909,15
187306,909,10
187311,909,2
187312,909,2
187314,909,3
187315,909,3
187316,909,1
187322,909,2
187326,909,7
187329,909,27
187333,909,1
187337,909,4
187339,909,3
187340,909,47
187342,909,2
187370,909,1
187380,909,2
187389,909,1
187425,909,1
187430,909,2
187439,909,1
187446,909,8
187447,909,1
187449,909,3
187466,909,6
187484,909,2
187514,909,1
187536,909,2
187538,909,34
187539,909,1
187541,909,4
187542,909,1
187570,909,2
187572,909,11
187574,909,1
187575,909,1
187582,909,30
187584,909,1
187587,909,1
187591,909,26
187592,909,6
187596,909,5
187598,909,8
187603,909,1
187604,909,12
187607,909,1
187609,909,1
187610,909,1
187615,909,1
187619,909,10
187620,909,2
187621,909,1
187623,909,1
187629,909,3
187630,909,3
187635,909,1
187636,909,1
187638,909,1
187644,909,2
187646,909,4
187647,909,1
187649,909,2
187650,909,8
187651,909,1
187655,909,12
187656,909,7
187657,909,22
187658,909,43
187659,909,6
187661,909,3
187662,909,1
187663,909,1
187665,909,1
187666,909,2
187672,909,2
187678,909,1
187681,909,7
187682,909,1
187684,909,1
187688,909,92
187689,909,47
187690,909,2
187691,909,1
187696,909,2
187701,909,13
187703,909,4
187704,909,1
187705,909,39
187707,909,2
187708,909,2
187709,909,8
187710,909,2
187713,909,1
187715,909,2
187717,909,1
187719,909,185
187720,909,1
187724,909,5
187726,909,32
187727,909,1
187728,909,1
187729,909,1
187737,909,16
187742,909,219
187748,909,111
187749,909,1
187751,909,2
187757,909,2
187760,909,16
187761,909,1
187765,909,2
187766,909,1
187768,909,5
187774,909,4
187775,909,1
187776,909,19
187777,909,16
187778,909,3
187780,909,1
187782,909,1
187784,909,3
187785,909,1
187789,909,16
187795,909,4
187797,909,1
187798,909,1
187799,909,2
187800,909,10
187805,909,57
187813,909,1
187815,909,1
187818,909,1
187820,909,1
187822,909,25
187824,909,1
187826,909,5
187827,909,1
187833,909,1
187837,909,76
187843,909,8
187854,909,7
187858,909,45
187860,909,59
187863,909,1
187871,909,2
187872,909,1
187876,909,1
187879,909,3
187885,909,5
187887,909,5
187888,909,6
187889,909,1
187895,909,1
187899,909,10
187903,909,3
187904,909,1
187907,909,1
187913,909,1
187915,909,2
187916,909,5
187917,909,4
187928,909,1
187930,909,3
187938,909,17
187939,909,1
187940,909,64
187941,909,1
187942,909,27
187943,909,17
187944,909,1
187945,909,1
187946,909,1
187947,909,683
187948,909,44
187949,909,7
187950,909,1
187951,909,1
187952,909,2
187953,909,1
187954,909,4
187955,909,1
187956,909,1
187957,909,2
187958,909,1
187959,909,1
187960,909,40
187961,909,1
187962,909,1
187963,909,1
187964,909,7
187965,909,4
187966,909,3
187967,909,1
187968,909,1
187969,909,1
187970,909,1
187971,909,1
187972,909,1
187973,909,2
187974,909,2
187975,909,2
187976,909,2
187977,909,1
187980,909,1
187982,909,5
187983,909,2
187984,909,1
187991,909,159
187993,909,1
187996,909,2
188000,909,2
188001,909,21
188002,909,5
188007,909,4
188009,909,3
188018,909,2
188019,909,21
188021,909,1
188022,909,3
188023,909,1
188025,909,5
188026,909,5
188032,909,1
188033,909,7
188035,909,2
188036,909,1
188038,909,3
188039,909,8
188042,909,7
188048,909,5
188052,909,1
188054,909,1
188055,909,9
188061,909,1
188062,909,7
188064,909,7
188070,909,1
188071,909,7
188073,909,10
188077,909,2
188078,909,28
188079,909,1
188081,909,3
188082,909,1
188083,909,64
188084,909,1
188086,909,8
188087,909,25
188088,909,5
188089,909,1
188090,909,4
188091,909,1
188092,909,2
188095,909,7
188097,909,1
188100,909,2
188101,909,1
188102,909,1
188106,909,1
188108,909,1
188109,909,3
188113,909,4
188120,909,20
188125,909,68
188126,909,3
188127,909,1
188143,909,1
188157,909,29
188165,909,1
188166,909,7
188173,909,93
188175,909,6
188176,909,1
188181,909,1
188183,909,1
188185,909,1
188195,909,1
188196,909,16
188202,909,1
188205,909,1
188211,909,1
188212,909,1
188214,909,4
188229,909,1
188237,909,1
188251,909,15
188254,909,3
188255,909,2
188256,909,1
188257,909,1
188261,909,21
188263,909,1
188265,909,3
188266,909,9
188269,909,1
188270,909,1
188271,909,21
188274,909,3
188277,909,18
188280,909,4
188281,909,1
188284,909,1
188285,909,1
188286,909,3
188287,909,2
188292,909,2
188293,909,116
188295,909,1
188297,909,1
188298,909,2
188300,909,1
188305,909,4
188310,909,1
188311,909,6
188314,909,2
188317,909,2
188318,909,1
188319,909,3
188321,909,1
188324,909,2
188326,909,45
188330,909,1
188331,909,12
188332,909,7
188333,909,1
188334,909,1
188336,909,2
188337,909,1
188338,909,8
188340,909,23
188341,909,4
188345,909,1
188348,909,1
188351,909,9
188354,909,1
188355,909,3
188356,909,2
188358,909,3
188360,909,1
188361,909,4
188366,909,4
188367,909,1
188375,909,15
188380,909,3
188384,909,53
188385,909,5
188389,909,2
188391,909,4
188399,909,1
188400,909,1
188401,909,31
188404,909,1
188407,909,1
188408,909,1
188413,909,5
188415,909,1
188418,909,5
188419,909,2
188422,909,9
188427,909,3
188433,909,3
188439,909,1
188440,909,2
188441,909,2
188448,909,2
188450,909,4
188451,909,12
188454,909,4
188455,909,5
188458,909,3
188460,909,3
188461,909,2
188462,909,16
188463,909,20
188464,909,6
188466,909,1
188467,909,1
188471,909,2
188474,909,2
188480,909,1
188483,909,1
188486,909,4
188487,909,1
188501,909,1
188508,909,1
188509,909,31
188514,909,1
188515,909,1
188516,909,2
188527,909,1
188538,909,1
188542,909,1
188543,909,1
188554,909,1
188556,909,1
188561,909,1
188564,909,1
188567,909,4
188572,909,18
188574,909,1
188575,909,1
188576,909,1
188583,909,1
188586,909,1
188601,909,52
188603,909,1
188607,909,1
188610,909,6
188612,909,1
188613,909,1
188615,909,171
188616,909,1
188618,909,12
188619,909,3
188624,909,2
188626,909,3
188627,909,1
188628,909,1
188629,909,1
188630,909,133
188634,909,2
188635,909,1
188643,909,12
188646,909,74
188648,909,7
188649,909,1
188651,909,1
188656,909,10
188657,909,1
188659,909,7
188660,909,1
188662,909,4
188668,909,1
188670,909,4
188671,909,19
188672,909,1
188674,909,1
188678,909,2
188680,909,1
188682,909,3
188684,909,5
188689,909,1
188691,909,1
188692,909,3
188701,909,4
188703,909,2
188705,909,1
188706,909,1
188726,909,1
188727,909,1
188730,909,4
188731,909,2
188736,909,2
188742,909,1
188754,909,4
188756,909,1
188757,909,5
188758,909,1
188761,909,400
188762,909,38
188764,909,44
188765,909,3
188767,909,16
188769,909,7
188770,909,283
188771,909,20
188773,909,1
188774,909,1
188775,909,1
188777,909,45
188778,909,1
188780,909,13
188781,909,1
188782,909,1
188784,909,5
188788,909,6
188789,909,1
188791,909,1
188792,909,2
188793,909,3
188799,909,1
188804,909,7
188813,909,1
188817,909,1
188819,909,1
188820,909,1
188822,909,9
188827,909,2
188830,909,1
188832,909,1
188835,909,1
188836,909,2
188838,909,1
188839,909,1
188840,909,94
188843,909,1
188845,909,37
188846,909,6
188849,909,1
188851,909,2
188852,909,1
188853,909,4
188855,909,1
188856,909,2
188857,909,1
188858,909,5
188862,909,1
188865,909,1
188869,909,1
188872,909,1
188879,909,10
188883,909,3
188885,909,29
188892,909,27
188895,909,1
188907,909,2
188908,909,9
188914,909,2
188916,909,16
188918,909,4
188919,909,1
188923,909,1
188925,909,2
188926,909,1
188927,909,5
188932,909,1
188935,909,2
188936,909,1
188938,909,2
188940,909,2
188947,909,1
188948,909,1
188952,909,1
188954,909,7
188955,909,1
188962,909,3
188963,909,1
188964,909,2
188966,909,1
188967,909,3
188971,909,3
188972,909,1
188973,909,224
188976,909,1
188977,909,3
188978,909,5
188979,909,1
188980,909,4
188986,909,1
188990,909,106
188994,909,2
188995,909,5
188996,909,2
188998,909,2
188999,909,6
189001,909,1
189002,909,1
189004,909,1
189005,909,1
189007,909,1
189008,909,2
189011,909,11
189014,909,9
189016,909,1
189020,909,70
189026,909,1
189027,909,74
189030,909,1
189032,909,1
189035,909,9
189037,909,10
189042,909,1
189043,909,11
189045,909,4
189046,909,4
189047,909,1
189050,909,27
189053,909,2
189054,909,2
189055,909,6
189058,909,1
189059,909,2
189060,909,10
189061,909,3
189062,909,20
189063,909,14
189064,909,3
189067,909,10
189069,909,1
189072,909,5
189073,909,1
189074,909,2
189077,909,4
189078,909,12
189080,909,2
189081,909,4
189082,909,2
189083,909,1
189084,909,4
189085,909,6
189087,909,2
189091,909,1
189094,909,1
189101,909,1
189143,909,1
189146,909,1
189148,909,4
189150,909,1
189152,909,1
189181,909,1
189182,909,1
189196,909,1
189198,909,1
189203,909,1
189209,909,37
189210,909,1
189213,909,8
189215,909,7
189218,909,1
189221,909,8
189222,909,17
189224,909,1
189225,909,261
189229,909,25
189231,909,32
189236,909,1
189240,909,8
189241,909,3
189242,909,3
189243,909,9
189244,909,9
189245,909,1
189252,909,31
189253,909,19
189254,909,9
189257,909,40
189260,909,27
189267,909,2
189268,909,5
189270,909,1
189273,909,4
189275,909,1
189279,909,1
189285,909,1
189288,909,9
189297,909,1
189304,909,1
189306,909,1
189307,909,2
189314,909,23
189320,909,2
189326,909,2
189327,909,1
189329,909,5
189331,909,2
189340,909,1
189344,909,1
189348,909,2
189350,909,1
189351,909,3
189361,909,2
189363,909,1
189368,909,1
189369,909,2
189371,909,2
189379,909,1
189381,909,2
189393,909,1
189394,909,1
189397,909,2
189401,909,1
189402,909,9
189411,909,1
189416,909,1
189420,909,2
189430,909,13
189433,909,1
189439,909,1
189447,909,1
189450,909,1
189452,909,2
189454,909,1
189456,909,2
189458,909,6
189459,909,1
189463,909,2
189464,909,2
189465,909,1
189469,909,1
189470,909,1
189472,909,1
189475,909,2
189479,909,2
189482,909,1
189484,909,2
189492,909,1
189493,909,1
189498,909,3
189504,909,14
189508,909,16
189511,909,1
189512,909,2
189514,909,1
189523,909,6
189528,909,2
189533,909,36
189534,909,1
189536,909,5
189547,909,7
189553,909,22
189556,909,1
189562,909,1
189564,909,15
189565,909,1
189568,909,3
189572,909,1
189576,909,6
189579,909,8
189580,909,9
189581,909,1
189590,909,3
189592,909,2
189594,909,1
189598,909,1
189600,909,17
189603,909,1
189612,909,2
189618,909,1
189620,909,1
189628,909,2
189631,909,1
189632,909,1
189633,909,18
189635,909,2
189637,909,2
189640,909,1
189647,909,13
189648,909,1
189656,909,33
189661,909,1
189674,909,1
189676,909,12
189678,909,63
189687,909,8
189690,909,3
189694,909,23
189695,909,64
189699,909,4
189700,909,1
189701,909,19
189707,909,1
189710,909,1
189711,909,5
189712,909,68
189720,909,1
189727,909,9
189729,909,2
189732,909,2
189733,909,1
189741,909,11
189745,909,46
189746,909,3
189753,909,1
189754,909,1
189755,909,1
189761,909,1
189763,909,4
189764,909,14
189765,909,1
189766,909,33
189769,909,18
189771,909,55
189772,909,17
189773,909,3
189774,909,10
189775,909,8
189777,909,2
189778,909,1
189780,909,2
189782,909,1
189786,909,13
189788,909,1
189791,909,3
189801,909,1
189803,909,3
189804,909,1
189806,909,2
189808,909,1
189809,909,3
189810,909,3
189811,909,5
189813,909,3
189814,909,1
189815,909,14
189817,909,2
189818,909,1
189819,909,1
189820,909,24
189822,909,1
189830,909,1
189839,909,3
189841,909,1
189857,909,1
189877,909,1
189881,909,1
189890,909,72
189893,909,3
189899,909,2
189921,909,2
189923,909,1
189940,909,1
189962,909,1
189969,909,1
189980,909,48
189982,909,1
189986,909,1
189989,909,8
189993,909,142
189996,909,15
189997,909,3
189998,909,1
190001,909,3
190002,909,1
190003,909,4
190004,909,1
190005,909,2
190007,909,12
190010,909,2
190016,909,9
190017,909,69
190019,909,5
190021,909,5
190027,909,11
190028,909,1
190030,909,10
190031,909,1
190032,909,3
190034,909,1
190038,909,1
190039,909,1
190041,909,1
190045,909,1
190047,909,1
190052,909,4
190062,909,1
190065,909,1
190079,909,5
190091,909,2
190092,909,1
190094,909,1
190096,909,1
190110,909,1
190113,909,1
190114,909,1
190115,909,1
190119,909,1
190120,909,1
190122,909,1
190123,909,2
190133,909,1
190134,909,87
190140,909,1
190145,909,2
190146,909,1
190149,909,1
190152,909,1
190153,909,10
190155,909,1
190156,909,1
190157,909,1
190161,909,1
190162,909,7
190167,909,1
190174,909,7
190175,909,1
190182,909,1
190188,909,2
190190,909,70
190192,909,1
190193,909,2
190194,909,8
190197,909,3
190203,909,1
190205,909,11
190213,909,1
190218,909,3
190221,909,2
190227,909,1
190232,909,1
190240,909,2
190242,909,2
190243,909,1
190251,909,1
190254,909,5
190255,909,1
190258,909,1
190260,909,1
190264,909,9
190266,909,5
190275,909,4
190279,909,3
190281,909,1
190283,909,1
190286,909,23
190294,909,1
190300,909,3
190307,909,1
190317,909,6
190321,909,8
190322,909,1
190329,909,1
190330,909,1
190331,909,1
190333,909,4
190334,909,4
190340,909,1
190343,909,2
190348,909,1
190350,909,1
190403,909,4
190404,909,3
190406,909,91
190421,909,4
190450,909,3
190455,909,4
190456,909,1
190462,909,1
190476,909,3
190485,909,12
190492,909,2
190504,909,13
190505,909,1
190508,909,3
190511,909,1
190516,909,1
190517,909,1
190528,909,1
190537,909,1
190540,909,27
190541,909,16
190545,909,1
190548,909,1
190551,909,17
190552,909,6
190554,909,4
190555,909,3
190559,909,5
190561,909,3
190563,909,1
190566,909,6
190573,909,5
190574,909,3
190575,909,17
190577,909,11
190580,909,80
190583,909,2
190585,909,1
190587,909,2
190590,909,1
190592,909,1
190598,909,1
190600,909,1
190602,909,4
190603,909,2
190605,909,8
190610,909,3
190613,909,8
190614,909,2
190616,909,1
190619,909,14
190621,909,2
190630,909,1
190636,909,2
190641,909,2
190643,909,3
190644,909,4
190650,909,3
190671,909,1
190686,909,1
190689,909,10
190691,909,6
190693,909,6
190694,909,1
190701,909,6
190704,909,1
190707,909,30
190708,909,1
190712,909,2
190714,909,7
190721,909,1
190722,909,13
190727,909,1
190737,909,3
190740,909,6
190742,909,1
190746,909,7
190754,909,1
190759,909,1
190760,909,4
190761,909,2
190762,909,19
190763,909,1
190765,909,2
190766,909,20
190767,909,1
190768,909,15
190769,909,2
190770,909,2
190772,909,1
190774,909,2
190777,909,1
190779,909,1
190788,909,1
190789,909,1
190791,909,2
190792,909,4
190797,909,3
190804,909,15
190807,909,11
190808,909,7
190819,909,1
190823,909,1
190828,909,3
190830,909,16
190841,909,4
190843,909,1
190851,909,1
190866,909,1
190868,909,1
190886,909,3
190888,909,1
190891,909,2
190898,909,2
190916,909,1
190918,909,1
190923,909,6
190925,909,36
190926,909,1
190929,909,1
190931,909,4
190944,909,1
190945,909,6
190949,909,18
190950,909,2
190951,909,24
190952,909,3
190954,909,9
190960,909,10
190964,909,36
190965,909,48
190972,909,4
190982,909,2
190984,909,1
190987,909,21
191001,909,1
191025,909,7
191035,909,1
191056,909,1
191062,909,14
191065,909,1
191068,909,6
191069,909,1
191072,909,1
191074,909,19
191084,909,6
191095,909,3
191096,909,1
191098,909,2
191100,909,2
191102,909,1
191104,909,2
191105,909,1
191115,909,1
191116,909,3
191117,909,3
191118,909,8
191124,909,2
191125,909,6
191126,909,19
191127,909,9
191130,909,1
191146,909,1
191150,909,1
191151,909,4
191152,909,6
191166,909,1
191237,909,116
191238,909,16
191240,909,1
191241,909,2
191243,909,1
191264,909,1
191277,909,2
191286,909,3
191288,909,1
191292,909,1
191293,909,1
191294,909,1
191303,909,1
191305,909,1
191311,909,2
191315,909,1
191319,909,1
191321,909,1
191322,909,12
191329,909,2
191330,909,1
191335,909,1
191340,909,1
191348,909,1
191366,909,1
191368,909,1
191373,909,7
191377,909,2
191389,909,1
191392,909,1
191396,909,1
191397,909,1
191400,909,1
191402,909,2
191405,909,5
191406,909,3
191409,909,4
191411,909,4
191412,909,1
191413,909,11
191414,909,2
191416,909,3
191417,909,2
191418,909,1
191420,909,123
191423,909,3
191424,909,5
191425,909,8
191430,909,552
191434,909,1
191435,909,1
191437,909,2
191438,909,7
191439,909,4
191442,909,11
191445,909,1
191447,909,16
191450,909,4
191451,909,23
191456,909,1
191458,909,11
191462,909,52
191463,909,1
191467,909,2
191469,909,12
191470,909,12
191475,909,3
191476,909,5
191478,909,74
191479,909,9
191481,909,1
191482,909,687
191487,909,1
191489,909,298
191490,909,1
191491,909,17
191495,909,14
191499,909,2
191502,909,15
191503,909,9
191504,909,4
191505,909,7
191508,909,1
191514,909,1
191515,909,1
191520,909,1
191521,909,1
191522,909,1
191529,909,1
191530,909,1
191543,909,1
191544,909,1
191545,909,1
191560,909,2
191566,909,2
191570,909,29
191574,909,2
191586,909,1
191593,909,2
191594,909,1
191600,909,1
191606,909,1
191609,909,3
191616,909,3
191623,909,11
191632,909,1
191634,909,1
191641,909,1
191643,909,2
191648,909,1
191651,909,1
191656,909,2
191659,909,9
191660,909,1
191664,909,1
191669,909,1
191671,909,1
191714,909,1
191732,909,1
191752,909,2
191754,909,24
191755,909,10
191760,909,1
191761,909,58
191763,909,19
191764,909,1
191765,909,1
191766,909,5
191767,909,9
191769,909,1
191770,909,5
191771,909,5
191772,909,5
191774,909,4
191775,909,6
191776,909,19
191777,909,3
191779,909,58
191780,909,1
191781,909,3
191784,909,15
191786,909,1
191788,909,6
191789,909,2
191790,909,1
191796,909,1
191797,909,15
191805,909,51
191806,909,1
191809,909,1
191810,909,1
191811,909,92
191812,909,6
191814,909,4
191817,909,3
191819,909,1
191824,909,1
191827,909,1
191828,909,74
191829,909,7
191830,909,1
191835,909,7
191837,909,7
191838,909,2
191844,909,85
191846,909,26
191847,909,6
191848,909,1
191849,909,671
191850,909,49
191853,909,10
191856,909,121
191857,909,1
191858,909,1
191859,909,1
191860,909,1
191863,909,2
191866,909,1
191868,909,582
191869,909,1
191873,909,21
191877,909,1
191880,909,2
191885,909,1
191889,909,1
191891,909,1
191898,909,2
191901,909,2
191908,909,3
191911,909,19
191914,909,2
191917,909,1
191919,909,3
191930,909,2
191931,909,4
191934,909,1
191937,909,12
191940,909,1
191943,909,4
191945,909,1
191947,909,1
191948,909,23
191949,909,1
191952,909,8
191962,909,15
191968,909,1
191971,909,3
191975,909,1
191979,909,2
191980,909,22
191983,909,1
191986,909,8
191991,909,5
191992,909,5
191994,909,1
191995,909,2
192000,909,1
192001,909,12
192002,909,9
192004,909,3
192005,909,4
192006,909,3
192007,909,7
192013,909,22
192014,909,22
192020,909,1
192021,909,1
192022,909,1
192023,909,1
192025,909,42
192028,909,1
192029,909,2
192031,909,2
192032,909,2
192033,909,2
192034,909,9
192036,909,50
192044,909,1
192045,909,85
192048,909,1
192049,909,2
192051,909,1
192052,909,55
192053,909,1
192054,909,1
192057,909,1
192059,909,2
192060,909,1
192066,909,1
192067,909,1
192069,909,6
192070,909,5
192072,909,15
192084,909,41
192085,909,138
192086,909,2
192091,909,189
192095,909,2
192102,909,15
192103,909,1
192104,909,1
192113,909,1
192121,909,21
192123,909,2
192129,909,1
192133,909,88
192135,909,5
192136,909,3
192141,909,1
192142,909,1
192144,909,1
192145,909,1
192152,909,1
192156,909,2
192159,909,9
192168,909,1
192170,909,1
192171,909,16
192173,909,1
192175,909,1
192176,909,1
192193,909,1
192200,909,1
192202,909,3
192206,909,7
192212,909,5
192223,909,4
192224,909,1
192226,909,9
192244,909,24
192257,909,1
192263,909,3
192265,909,1
192268,909,1
192269,909,1
192270,909,2
192272,909,1
192275,909,1
192276,909,2
192286,909,2
192293,909,1
192306,909,2
192310,909,5
192316,909,10
192329,909,3
192341,909,35
192343,909,5
192345,909,13
192346,909,2
192347,909,2
192349,909,1
192364,909,26
192367,909,1
192383,909,5
192399,909,1
192401,909,1
192411,909,2
192416,909,1
192418,909,1
192433,909,7
192434,909,1
192437,909,1
192439,909,5
192447,909,14
192452,909,1
192455,909,12
192456,909,3
192460,909,2
192462,909,4
192465,909,1
192466,909,6
192471,909,1
192477,909,1
192480,909,5
192481,909,1
192488,909,1
192489,909,1
192495,909,1
192496,909,1
192500,909,1
192501,909,2
192502,909,1
192504,909,1
192505,909,4
192510,909,6
192511,909,4
192512,909,10
192513,909,20
192514,909,3
192516,909,1
192517,909,1
192520,909,1
192524,909,1
192531,909,3
192535,909,2
192536,909,1
192548,909,1
192559,909,5
192562,909,1
192570,909,5
192574,909,3
192601,909,1
192607,909,8
192617,909,4
192620,909,1
192629,909,10
192631,909,1
192635,909,1
192637,909,6
192638,909,8
192650,909,1
192652,909,1
192653,909,1
192662,909,1
192670,909,2
192674,909,1
192675,909,1
192682,909,4
192684,909,7
192686,909,16
192687,909,13
192701,909,1
192702,909,4
192703,909,1
192704,909,9
192706,909,1
192710,909,1
192717,909,6
192723,909,4
192733,909,88
192736,909,2
192744,909,20
192752,909,1
192760,909,1
192764,909,6
192771,909,1
192775,909,1
192787,909,1
192788,909,1
192795,909,45
192800,909,1
192803,909,6
192804,909,1
192809,909,1
192811,909,1
192821,909,6
192824,909,1
192827,909,2
192828,909,1
192834,909,2
192836,909,1
192838,909,1
192839,909,2
192841,909,2
192845,909,1
192852,909,3
192858,909,2
192860,909,2
192867,909,2
192869,909,3
192872,909,1
192873,909,8
192876,909,1
192878,909,18
192880,909,2
192881,909,7
192882,909,2
192884,909,1
192889,909,2
192902,909,1
192906,909,1
192909,909,1
192910,909,5
192912,909,39
192913,909,1
192914,909,9
192915,909,126
192916,909,9
192917,909,2
192919,909,1
192920,909,2
192922,909,1
192923,909,2
192924,909,21
192925,909,1
192926,909,2
192927,909,1
192928,909,1
192929,909,5
192930,909,1
192933,909,1
192934,909,1
192935,909,1
192949,909,3
192958,909,4
192963,909,2
192968,909,4
192971,909,1
192973,909,3
192974,909,1
192980,909,1
192987,909,20
192996,909,1
193002,909,1
193014,909,8
193018,909,2
193019,909,1
193025,909,1
193026,909,4
193027,909,1
193037,909,2
193039,909,1
193042,909,1
193045,909,1
193046,909,3
193051,909,1
193058,909,1
193098,909,1
193105,909,17
193109,909,1
193123,909,1
193139,909,2
193141,909,10
193167,909,1
193168,909,1
193169,909,1
193170,909,12
193172,909,1
193173,909,3
193174,909,1
193175,909,2
193177,909,2
193178,909,3
193179,909,1
193180,909,1
193181,909,126
193183,909,2
193185,909,50
193186,909,8
193187,909,1
193188,909,1
193189,909,3
193190,909,1
193191,909,6
193192,909,1
193193,909,2
193194,909,1
193195,909,6
193198,909,1
193199,909,2
193201,909,1
193203,909,1
193204,909,13
193205,909,4
193206,909,39
193207,909,36
193209,909,2
193210,909,1
193211,909,1
193214,909,3
193215,909,12
193216,909,1
193217,909,1
193218,909,2
193220,909,21
193222,909,6
193223,909,1
193225,909,1
193226,909,2
193227,909,1
193228,909,7
193230,909,2
193231,909,2
193232,909,1
193233,909,2
193235,909,2
193237,909,1
193238,909,2
193239,909,1
193241,909,2
193244,909,1
193249,909,1
193251,909,1
193253,909,49
193256,909,1
193257,909,1
193259,909,1
193265,909,23
193268,909,1
193271,909,1
193280,909,3
193281,909,2
193284,909,15
193287,909,16
193291,909,2
193293,909,2
193296,909,2
193297,909,1
193298,909,1
193300,909,6
193301,909,1
193303,909,1
193306,909,1
193307,909,2
193308,909,1
193309,909,4
193310,909,3
193311,909,1
193313,909,2
193316,909,1
193320,909,1
193321,909,3
193323,909,1
193326,909,1
193327,909,1
193363,909,1
193368,909,1
193369,909,7
193370,909,5
193371,909,3
193378,909,2
193390,909,2
193397,909,1
193399,909,14
193400,909,1
193401,909,2
193409,909,1
193411,909,2
193412,909,1
193414,909,2
193416,909,1
193431,909,1
193446,909,2
193472,909,1
193474,909,5
193475,909,5
193477,909,1
193481,909,2
193482,909,1
193483,909,12
193485,909,2
193486,909,2
193487,909,7
193490,909,5
193492,909,1
193495,909,2
193497,909,3
193498,909,3
193500,909,1
193501,909,1
193505,909,6
193526,909,1
193527,909,3
193535,909,1
193536,909,3
193540,909,1
193548,909,3
193564,909,2
193572,909,1
193574,909,1
193576,909,1
193577,909,2
193578,909,1
193587,909,1
193627,909,1
193643,909,1
193668,909,1
193678,909,8
193680,909,1
193681,909,23
193682,909,2
193683,909,1
193684,909,1
193685,909,1
193688,909,2
193690,909,1
193691,909,11
193692,909,1
193693,909,1
193694,909,2
193696,909,2
193701,909,1
193723,909,1
193731,909,1
193756,909,1
193765,909,1
193772,909,2
193774,909,1
193776,909,1
193779,909,1
193783,909,6
193791,909,1
193800,909,1
193802,909,2
193808,909,1
193809,909,1
193821,909,1
193825,909,3
193826,909,1
193829,909,2
193833,909,4
193834,909,1
193835,909,6
193838,909,17
193839,909,1
193842,909,1
193844,909,1
193846,909,1
193848,909,8
193853,909,1
193858,909,152
193859,909,125
193861,909,3622
193866,909,1
193869,909,3
193871,909,1
193872,909,1
193874,909,17
193876,909,2
193877,909,4
193880,909,5
193881,909,18
193882,909,6
193883,909,4
193884,909,144
193886,909,1
193887,909,5
193890,909,1
193891,909,15
193892,909,1
193895,909,3
193896,909,4
193898,909,2
193899,909,4
193912,909,2
193913,909,1
193914,909,1
193915,909,1
193923,909,1
193924,909,1
193925,909,7
193930,909,4
193935,909,2
193938,909,4
193939,909,1
193943,909,7
193945,909,1
193956,909,1
193959,909,1
193960,909,1
193961,909,2
193966,909,2
193986,909,2
193987,909,1
193988,909,1
193990,909,1
193992,909,7
193995,909,2
193997,909,3
193999,909,1
194000,909,1
194002,909,2
194005,909,1
194007,909,4
194009,909,1
194010,909,5
194012,909,4
194020,909,1
194024,909,1
194027,909,4
194028,909,3
194029,909,2
194043,909,1
194045,909,5
194053,909,1
194087,909,1
194118,909,2
194178,909,8
194179,909,1
194190,909,2
194192,909,1
194193,909,1
194196,909,4
194198,909,1
194200,909,6
194201,909,1
194205,909,10
194207,909,4
194209,909,2
194210,909,4
194211,909,2
194216,909,2
194234,909,3
194241,909,1
194284,909,3
194288,909,1
194319,909,1
194323,909,3
194339,909,4
194340,909,2
194375,909,1
194380,909,1
194383,909,13
194384,909,1
194388,909,1
194394,909,1
194402,909,1
194404,909,1
194408,909,5
194416,909,1
194420,909,1
194425,909,1
194428,909,4
194429,909,1
194475,909,3
194476,909,1
194480,909,8
194482,909,2
194485,909,1
194486,909,1
194489,909,1
194490,909,1
194491,909,1
194492,909,1
194493,909,1
194494,909,2
194496,909,8
194500,909,2
194502,909,1
194508,909,2
194514,909,7
194519,909,12
194520,909,1
194522,909,1
194531,909,10
194532,909,1
194535,909,1
194536,909,1
194542,909,11
194544,909,3
194545,909,1
194547,909,87
194548,909,6
194550,909,1
194553,909,16
194562,909,75
194615,909,1
194631,909,1
194632,909,1
194637,909,1
194645,909,1
194647,909,2
194651,909,1
194658,909,1
194659,909,1
194661,909,2
194662,909,7
194663,909,22
194665,909,30
194680,909,3
194686,909,14
194687,909,1
194688,909,1
194703,909,1
194707,909,3
194749,909,1
194753,909,1
194765,909,4
194766,909,1
194768,909,1
194784,909,3
194805,909,8
